  0.00000000e+00 
  9.99999833e-04 
  1.99999867e-03 
  2.99999550e-03 
  3.99998933e-03 
  4.99997917e-03 
  5.99996400e-03 
  6.99994283e-03 
  7.99991467e-03 
  8.99987850e-03 
  9.99983333e-03 
  1.09997782e-02 
  1.19997120e-02 
  1.29996338e-02 
  1.39995427e-02 
  1.49994375e-02 
  1.59993173e-02 
  1.69991812e-02 
  1.79990280e-02 
  1.89988569e-02 
  1.99986667e-02 
  2.09984565e-02 
  2.19982254e-02 
  2.29979722e-02 
  2.39976961e-02 
  2.49973959e-02 
  2.59970708e-02 
  2.69967196e-02 
  2.79963415e-02 
  2.89959353e-02 
  2.99955002e-02 
  3.09950351e-02 
  3.19945389e-02 
  3.29940108e-02 
  3.39934497e-02 
  3.49928546e-02 
  3.59922245e-02 
  3.69915584e-02 
  3.79908553e-02 
  3.89901143e-02 
  3.99893342e-02 
  4.09885141e-02 
  4.19876531e-02 
  4.29867501e-02 
  4.39858040e-02 
  4.49848140e-02 
  4.59837790e-02 
  4.69826981e-02 
  4.79815701e-02 
  4.89803942e-02 
  4.99791693e-02 
  5.09778944e-02 
  5.19765685e-02 
  5.29751907e-02 
  5.39737598e-02 
  5.49722750e-02 
  5.59707353e-02 
  5.69691395e-02 
  5.79674868e-02 
  5.89657761e-02 
  5.99640065e-02 
  6.09621769e-02 
  6.19602863e-02 
  6.29583338e-02 
  6.39563183e-02 
  6.49542388e-02 
  6.59520944e-02 
  6.69498841e-02 
  6.79476068e-02 
  6.89452615e-02 
  6.99428473e-02 
  7.09403632e-02 
  7.19378081e-02 
  7.29351811e-02 
  7.39324812e-02 
  7.49297073e-02 
  7.59268585e-02 
  7.69239337e-02 
  7.79209321e-02 
  7.89178525e-02 
  7.99146940e-02 
  8.09114556e-02 
  8.19081362e-02 
  8.29047350e-02 
  8.39012508e-02 
  8.48976828e-02 
  8.58940299e-02 
  8.68902910e-02 
  8.78864653e-02 
  8.88825517e-02 
  8.98785492e-02 
  9.08744568e-02 
  9.18702736e-02 
  9.28659985e-02 
  9.38616305e-02 
  9.48571686e-02 
  9.58526119e-02 
  9.68479594e-02 
  9.78432100e-02 
  9.88383627e-02 
  9.98334166e-02 
  1.00828371e-01 
  1.01823224e-01 
  1.02817975e-01 
  1.03812624e-01 
  1.04807169e-01 
  1.05801609e-01 
  1.06795943e-01 
  1.07790170e-01 
  1.08784290e-01 
  1.09778301e-01 
  1.10772202e-01 
  1.11765992e-01 
  1.12759671e-01 
  1.13753236e-01 
  1.14746688e-01 
  1.15740026e-01 
  1.16733247e-01 
  1.17726352e-01 
  1.18719339e-01 
  1.19712207e-01 
  1.20704956e-01 
  1.21697584e-01 
  1.22690090e-01 
  1.23682474e-01 
  1.24674733e-01 
  1.25666869e-01 
  1.26658878e-01 
  1.27650761e-01 
  1.28642516e-01 
  1.29634143e-01 
  1.30625640e-01 
  1.31617006e-01 
  1.32608240e-01 
  1.33599343e-01 
  1.34590311e-01 
  1.35581145e-01 
  1.36571843e-01 
  1.37562405e-01 
  1.38552829e-01 
  1.39543115e-01 
  1.40533261e-01 
  1.41523266e-01 
  1.42513130e-01 
  1.43502852e-01 
  1.44492430e-01 
  1.45481863e-01 
  1.46471151e-01 
  1.47460293e-01 
  1.48449287e-01 
  1.49438132e-01 
  1.50426829e-01 
  1.51415374e-01 
  1.52403769e-01 
  1.53392011e-01 
  1.54380099e-01 
  1.55368033e-01 
  1.56355812e-01 
  1.57343435e-01 
  1.58330900e-01 
  1.59318207e-01 
  1.60305354e-01 
  1.61292341e-01 
  1.62279167e-01 
  1.63265831e-01 
  1.64252331e-01 
  1.65238667e-01 
  1.66224838e-01 
  1.67210842e-01 
  1.68196680e-01 
  1.69182349e-01 
  1.70167849e-01 
  1.71153179e-01 
  1.72138338e-01 
  1.73123324e-01 
  1.74108138e-01 
  1.75092777e-01 
  1.76077241e-01 
  1.77061529e-01 
  1.78045640e-01 
  1.79029573e-01 
  1.80013327e-01 
  1.80996901e-01 
  1.81980294e-01 
  1.82963505e-01 
  1.83946534e-01 
  1.84929378e-01 
  1.85912037e-01 
  1.86894510e-01 
  1.87876796e-01 
  1.88858895e-01 
  1.89840805e-01 
  1.90822524e-01 
  1.91804053e-01 
  1.92785391e-01 
  1.93766535e-01 
  1.94747486e-01 
  1.95728241e-01 
  1.96708802e-01 
  1.97689165e-01 
  1.98669331e-01 
  1.99649298e-01 
  2.00629065e-01 
  2.01608632e-01 
  2.02587997e-01 
  2.03567160e-01 
  2.04546119e-01 
  2.05524873e-01 
  2.06503422e-01 
  2.07481765e-01 
  2.08459900e-01 
  2.09437826e-01 
  2.10415543e-01 
  2.11393050e-01 
  2.12370345e-01 
  2.13347428e-01 
  2.14324298e-01 
  2.15300953e-01 
  2.16277393e-01 
  2.17253617e-01 
  2.18229623e-01 
  2.19205411e-01 
  2.20180980e-01 
  2.21156329e-01 
  2.22131457e-01 
  2.23106362e-01 
  2.24081045e-01 
  2.25055503e-01 
  2.26029736e-01 
  2.27003743e-01 
  2.27977524e-01 
  2.28951076e-01 
  2.29924399e-01 
  2.30897492e-01 
  2.31870355e-01 
  2.32842986e-01 
  2.33815383e-01 
  2.34787547e-01 
  2.35759476e-01 
  2.36731170e-01 
  2.37702626e-01 
  2.38673845e-01 
  2.39644826e-01 
  2.40615566e-01 
  2.41586066e-01 
  2.42556325e-01 
  2.43526341e-01 
  2.44496113e-01 
  2.45465641e-01 
  2.46434923e-01 
  2.47403959e-01 
  2.48372748e-01 
  2.49341288e-01 
  2.50309579e-01 
  2.51277619e-01 
  2.52245409e-01 
  2.53212946e-01 
  2.54180229e-01 
  2.55147259e-01 
  2.56114034e-01 
  2.57080552e-01 
  2.58046813e-01 
  2.59012816e-01 
  2.59978561e-01 
  2.60944045e-01 
  2.61909268e-01 
  2.62874230e-01 
  2.63838928e-01 
  2.64803363e-01 
  2.65767533e-01 
  2.66731437e-01 
  2.67695074e-01 
  2.68658444e-01 
  2.69621545e-01 
  2.70584376e-01 
  2.71546937e-01 
  2.72509226e-01 
  2.73471243e-01 
  2.74432986e-01 
  2.75394455e-01 
  2.76355649e-01 
  2.77316566e-01 
  2.78277205e-01 
  2.79237567e-01 
  2.80197649e-01 
  2.81157451e-01 
  2.82116972e-01 
  2.83076211e-01 
  2.84035167e-01 
  2.84993838e-01 
  2.85952225e-01 
  2.86910326e-01 
  2.87868140e-01 
  2.88825666e-01 
  2.89782903e-01 
  2.90739850e-01 
  2.91696507e-01 
  2.92652872e-01 
  2.93608944e-01 
  2.94564723e-01 
  2.95520207e-01 
  2.96475395e-01 
  2.97430287e-01 
  2.98384882e-01 
  2.99339178e-01 
  3.00293175e-01 
  3.01246872e-01 
  3.02200267e-01 
  3.03153360e-01 
  3.04106151e-01 
  3.05058636e-01 
  3.06010817e-01 
  3.06962692e-01 
  3.07914260e-01 
  3.08865520e-01 
  3.09816471e-01 
  3.10767113e-01 
  3.11717443e-01 
  3.12667462e-01 
  3.13617168e-01 
  3.14566561e-01 
  3.15515639e-01 
  3.16464401e-01 
  3.17412847e-01 
  3.18360976e-01 
  3.19308786e-01 
  3.20256277e-01 
  3.21203447e-01 
  3.22150297e-01 
  3.23096824e-01 
  3.24043028e-01 
  3.24988909e-01 
  3.25934464e-01 
  3.26879693e-01 
  3.27824595e-01 
  3.28769170e-01 
  3.29713416e-01 
  3.30657332e-01 
  3.31600917e-01 
  3.32544171e-01 
  3.33487092e-01 
  3.34429680e-01 
  3.35371933e-01 
  3.36313851e-01 
  3.37255433e-01 
  3.38196677e-01 
  3.39137583e-01 
  3.40078151e-01 
  3.41018377e-01 
  3.41958263e-01 
  3.42897807e-01 
  3.43837009e-01 
  3.44775866e-01 
  3.45714378e-01 
  3.46652545e-01 
  3.47590365e-01 
  3.48527838e-01 
  3.49464962e-01 
  3.50401736e-01 
  3.51338160e-01 
  3.52274233e-01 
  3.53209954e-01 
  3.54145321e-01 
  3.55080334e-01 
  3.56014992e-01 
  3.56949294e-01 
  3.57883240e-01 
  3.58816827e-01 
  3.59750055e-01 
  3.60682924e-01 
  3.61615432e-01 
  3.62547578e-01 
  3.63479362e-01 
  3.64410783e-01 
  3.65341838e-01 
  3.66272529e-01 
  3.67202853e-01 
  3.68132811e-01 
  3.69062400e-01 
  3.69991619e-01 
  3.70920469e-01 
  3.71848948e-01 
  3.72777056e-01 
  3.73704790e-01 
  3.74632151e-01 
  3.75559137e-01 
  3.76485747e-01 
  3.77411981e-01 
  3.78337838e-01 
  3.79263316e-01 
  3.80188415e-01 
  3.81113134e-01 
  3.82037472e-01 
  3.82961427e-01 
  3.83885000e-01 
  3.84808189e-01 
  3.85730993e-01 
  3.86653411e-01 
  3.87575443e-01 
  3.88497087e-01 
  3.89418342e-01 
  3.90339208e-01 
  3.91259684e-01 
  3.92179769e-01 
  3.93099461e-01 
  3.94018760e-01 
  3.94937666e-01 
  3.95856176e-01 
  3.96774290e-01 
  3.97692008e-01 
  3.98609328e-01 
  3.99526249e-01 
  4.00442771e-01 
  4.01358893e-01 
  4.02274613e-01 
  4.03189930e-01 
  4.04104845e-01 
  4.05019355e-01 
  4.05933461e-01 
  4.06847160e-01 
  4.07760453e-01 
  4.08673338e-01 
  4.09585814e-01 
  4.10497881e-01 
  4.11409537e-01 
  4.12320782e-01 
  4.13231614e-01 
  4.14142033e-01 
  4.15052038e-01 
  4.15961628e-01 
  4.16870802e-01 
  4.17779560e-01 
  4.18687899e-01 
  4.19595820e-01 
  4.20503321e-01 
  4.21410401e-01 
  4.22317061e-01 
  4.23223297e-01 
  4.24129111e-01 
  4.25034501e-01 
  4.25939465e-01 
  4.26844004e-01 
  4.27748115e-01 
  4.28651799e-01 
  4.29555055e-01 
  4.30457880e-01 
  4.31360276e-01 
  4.32262240e-01 
  4.33163771e-01 
  4.34064870e-01 
  4.34965534e-01 
  4.35865764e-01 
  4.36765557e-01 
  4.37664914e-01 
  4.38563833e-01 
  4.39462314e-01 
  4.40360355e-01 
  4.41257956e-01 
  4.42155115e-01 
  4.43051833e-01 
  4.43948107e-01 
  4.44843937e-01 
  4.45739323e-01 
  4.46634263e-01 
  4.47528756e-01 
  4.48422801e-01 
  4.49316399e-01 
  4.50209547e-01 
  4.51102244e-01 
  4.51994491e-01 
  4.52886285e-01 
  4.53777627e-01 
  4.54668515e-01 
  4.55558948e-01 
  4.56448926e-01 
  4.57338447e-01 
  4.58227511e-01 
  4.59116117e-01 
  4.60004263e-01 
  4.60891950e-01 
  4.61779176e-01 
  4.62665939e-01 
  4.63552241e-01 
  4.64438078e-01 
  4.65323452e-01 
  4.66208359e-01 
  4.67092801e-01 
  4.67976776e-01 
  4.68860282e-01 
  4.69743320e-01 
  4.70625888e-01 
  4.71507986e-01 
  4.72389611e-01 
  4.73270765e-01 
  4.74151445e-01 
  4.75031651e-01 
  4.75911382e-01 
  4.76790637e-01 
  4.77669416e-01 
  4.78547716e-01 
  4.79425539e-01 
  4.80302881e-01 
  4.81179744e-01 
  4.82056125e-01 
  4.82932024e-01 
  4.83807440e-01 
  4.84682373e-01 
  4.85556820e-01 
  4.86430783e-01 
  4.87304258e-01 
  4.88177247e-01 
  4.89049747e-01 
  4.89921758e-01 
  4.90793280e-01 
  4.91664310e-01 
  4.92534849e-01 
  4.93404895e-01 
  4.94274448e-01 
  4.95143507e-01 
  4.96012070e-01 
  4.96880138e-01 
  4.97747708e-01 
  4.98614781e-01 
  4.99481356e-01 
  5.00347430e-01 
  5.01213005e-01 
  5.02078078e-01 
  5.02942649e-01 
  5.03806717e-01 
  5.04670282e-01 
  5.05533341e-01 
  5.06395895e-01 
  5.07257943e-01 
  5.08119484e-01 
  5.08980516e-01 
  5.09841039e-01 
  5.10701053e-01 
  5.11560556e-01 
  5.12419547e-01 
  5.13278026e-01 
  5.14135992e-01 
  5.14993443e-01 
  5.15850380e-01 
  5.16706800e-01 
  5.17562704e-01 
  5.18418091e-01 
  5.19272958e-01 
  5.20127307e-01 
  5.20981136e-01 
  5.21834443e-01 
  5.22687229e-01 
  5.23539492e-01 
  5.24391231e-01 
  5.25242447e-01 
  5.26093136e-01 
  5.26943300e-01 
  5.27792937e-01 
  5.28642046e-01 
  5.29490626e-01 
  5.30338677e-01 
  5.31186198e-01 
  5.32033187e-01 
  5.32879645e-01 
  5.33725569e-01 
  5.34570960e-01 
  5.35415816e-01 
  5.36260137e-01 
  5.37103921e-01 
  5.37947169e-01 
  5.38789878e-01 
  5.39632049e-01 
  5.40473680e-01 
  5.41314770e-01 
  5.42155320e-01 
  5.42995327e-01 
  5.43834791e-01 
  5.44673711e-01 
  5.45512087e-01 
  5.46349917e-01 
  5.47187200e-01 
  5.48023937e-01 
  5.48860125e-01 
  5.49695765e-01 
  5.50530855e-01 
  5.51365394e-01 
  5.52199382e-01 
  5.53032818e-01 
  5.53865701e-01 
  5.54698030e-01 
  5.55529804e-01 
  5.56361023e-01 
  5.57191685e-01 
  5.58021790e-01 
  5.58851338e-01 
  5.59680326e-01 
  5.60508754e-01 
  5.61336623e-01 
  5.62163929e-01 
  5.62990674e-01 
  5.63816856e-01 
  5.64642473e-01 
  5.65467527e-01 
  5.66292014e-01 
  5.67115936e-01 
  5.67939290e-01 
  5.68762076e-01 
  5.69584294e-01 
  5.70405942e-01 
  5.71227019e-01 
  5.72047526e-01 
  5.72867460e-01 
  5.73686822e-01 
  5.74505609e-01 
  5.75323823e-01 
  5.76141460e-01 
  5.76958522e-01 
  5.77775007e-01 
  5.78590914e-01 
  5.79406243e-01 
  5.80220992e-01 
  5.81035161e-01 
  5.81848748e-01 
  5.82661754e-01 
  5.83474178e-01 
  5.84286017e-01 
  5.85097273e-01 
  5.85907943e-01 
  5.86718028e-01 
  5.87527526e-01 
  5.88336436e-01 
  5.89144758e-01 
  5.89952491e-01 
  5.90759634e-01 
  5.91566186e-01 
  5.92372146e-01 
  5.93177514e-01 
  5.93982289e-01 
  5.94786470e-01 
  5.95590057e-01 
  5.96393047e-01 
  5.97195441e-01 
  5.97997238e-01 
  5.98798437e-01 
  5.99599038e-01 
  6.00399038e-01 
  6.01198439e-01 
  6.01997238e-01 
  6.02795435e-01 
  6.03593029e-01 
  6.04390019e-01 
  6.05186406e-01 
  6.05982187e-01 
  6.06777362e-01 
  6.07571930e-01 
  6.08365891e-01 
  6.09159243e-01 
  6.09951987e-01 
  6.10744120e-01 
  6.11535642e-01 
  6.12326553e-01 
  6.13116852e-01 
  6.13906538e-01 
  6.14695609e-01 
  6.15484066e-01 
  6.16271908e-01 
  6.17059133e-01 
  6.17845741e-01 
  6.18631731e-01 
  6.19417103e-01 
  6.20201855e-01 
  6.20985987e-01 
  6.21769498e-01 
  6.22552387e-01 
  6.23334654e-01 
  6.24116297e-01 
  6.24897317e-01 
  6.25677711e-01 
  6.26457480e-01 
  6.27236622e-01 
  6.28015137e-01 
  6.28793024e-01 
  6.29570282e-01 
  6.30346911e-01 
  6.31122909e-01 
  6.31898276e-01 
  6.32673012e-01 
  6.33447114e-01 
  6.34220583e-01 
  6.34993418e-01 
  6.35765618e-01 
  6.36537182e-01 
  6.37308110e-01 
  6.38078400e-01 
  6.38848052e-01 
  6.39617066e-01 
  6.40385440e-01 
  6.41153173e-01 
  6.41920265e-01 
  6.42686715e-01 
  6.43452523e-01 
  6.44217687e-01 
  6.44982207e-01 
  6.45746082e-01 
  6.46509311e-01 
  6.47271894e-01 
  6.48033830e-01 
  6.48795117e-01 
  6.49555756e-01 
  6.50315745e-01 
  6.51075083e-01 
  6.51833771e-01 
  6.52591807e-01 
  6.53349190e-01 
  6.54105920e-01 
  6.54861996e-01 
  6.55617417e-01 
  6.56372182e-01 
  6.57126291e-01 
  6.57879743e-01 
  6.58632537e-01 
  6.59384672e-01 
  6.60136148e-01 
  6.60886964e-01 
  6.61637119e-01 
  6.62386612e-01 
  6.63135443e-01 
  6.63883610e-01 
  6.64631114e-01 
  6.65377953e-01 
  6.66124127e-01 
  6.66869635e-01 
  6.67614476e-01 
  6.68358649e-01 
  6.69102154e-01 
  6.69844990e-01 
  6.70587156e-01 
  6.71328651e-01 
  6.72069475e-01 
  6.72809627e-01 
  6.73549106e-01 
  6.74287912e-01 
  6.75026043e-01 
  6.75763499e-01 
  6.76500280e-01 
  6.77236384e-01 
  6.77971810e-01 
  6.78706559e-01 
  6.79440629e-01 
  6.80174020e-01 
  6.80906730e-01 
  6.81638760e-01 
  6.82370108e-01 
  6.83100774e-01 
  6.83830756e-01 
  6.84560055e-01 
  6.85288669e-01 
  6.86016597e-01 
  6.86743840e-01 
  6.87470396e-01 
  6.88196265e-01 
  6.88921445e-01 
  6.89645937e-01 
  6.90369738e-01 
  6.91092850e-01 
  6.91815270e-01 
  6.92536999e-01 
  6.93258035e-01 
  6.93978377e-01 
  6.94698026e-01 
  6.95416980e-01 
  6.96135239e-01 
  6.96852801e-01 
  6.97569667e-01 
  6.98285835e-01 
  6.99001305e-01 
  6.99716075e-01 
  7.00430146e-01 
  7.01143517e-01 
  7.01856187e-01 
  7.02568154e-01 
  7.03279419e-01 
  7.03989981e-01 
  7.04699839e-01 
  7.05408992e-01 
  7.06117440e-01 
  7.06825181e-01 
  7.07532216e-01 
  7.08238543e-01 
  7.08944162e-01 
  7.09649072e-01 
  7.10353272e-01 
  7.11056762e-01 
  7.11759541e-01 
  7.12461609e-01 
  7.13162963e-01 
  7.13863605e-01 
  7.14563533e-01 
  7.15262746e-01 
  7.15961244e-01 
  7.16659026e-01 
  7.17356091e-01 
  7.18052439e-01 
  7.18748069e-01 
  7.19442980e-01 
  7.20137171e-01 
  7.20830643e-01 
  7.21523394e-01 
  7.22215423e-01 
  7.22906730e-01 
  7.23597314e-01 
  7.24287174e-01 
  7.24976311e-01 
  7.25664722e-01 
  7.26352407e-01 
  7.27039366e-01 
  7.27725599e-01 
  7.28411103e-01 
  7.29095879e-01 
  7.29779926e-01 
  7.30463243e-01 
  7.31145830e-01 
  7.31827685e-01 
  7.32508809e-01 
  7.33189200e-01 
  7.33868858e-01 
  7.34547782e-01 
  7.35225972e-01 
  7.35903426e-01 
  7.36580145e-01 
  7.37256126e-01 
  7.37931371e-01 
  7.38605878e-01 
  7.39279646e-01 
  7.39952675e-01 
  7.40624964e-01 
  7.41296512e-01 
  7.41967319e-01 
  7.42637384e-01 
  7.43306706e-01 
  7.43975285e-01 
  7.44643120e-01 
  7.45310210e-01 
  7.45976555e-01 
  7.46642155e-01 
  7.47307007e-01 
  7.47971112e-01 
  7.48634469e-01 
  7.49297078e-01 
  7.49958937e-01 
  7.50620046e-01 
  7.51280405e-01 
  7.51940013e-01 
  7.52598868e-01 
  7.53256971e-01 
  7.53914320e-01 
  7.54570916e-01 
  7.55226757e-01 
  7.55881843e-01 
  7.56536173e-01 
  7.57189747e-01 
  7.57842563e-01 
  7.58494621e-01 
  7.59145921e-01 
  7.59796462e-01 
  7.60446243e-01 
  7.61095264e-01 
  7.61743523e-01 
  7.62391021e-01 
  7.63037756e-01 
  7.63683728e-01 
  7.64328937e-01 
  7.64973381e-01 
  7.65617061e-01 
  7.66259974e-01 
  7.66902122e-01 
  7.67543502e-01 
  7.68184115e-01 
  7.68823960e-01 
  7.69463036e-01 
  7.70101342e-01 
  7.70738879e-01 
  7.71375645e-01 
  7.72011639e-01 
  7.72646861e-01 
  7.73281311e-01 
  7.73914987e-01 
  7.74547890e-01 
  7.75180017e-01 
  7.75811370e-01 
  7.76441947e-01 
  7.77071748e-01 
  7.77700771e-01 
  7.78329017e-01 
  7.78956484e-01 
  7.79583172e-01 
  7.80209081e-01 
  7.80834210e-01 
  7.81458558e-01 
  7.82082124e-01 
  7.82704908e-01 
  7.83326910e-01 
  7.83948128e-01 
  7.84568562e-01 
  7.85188212e-01 
  7.85807076e-01 
  7.86425155e-01 
  7.87042447e-01 
  7.87658952e-01 
  7.88274670e-01 
  7.88889599e-01 
  7.89503740e-01 
  7.90117091e-01 
  7.90729651e-01 
  7.91341421e-01 
  7.91952400e-01 
  7.92562587e-01 
  7.93171981e-01 
  7.93780582e-01 
  7.94388389e-01 
  7.94995402e-01 
  7.95601620e-01 
  7.96207042e-01 
  7.96811668e-01 
  7.97415498e-01 
  7.98018529e-01 
  7.98620763e-01 
  7.99222198e-01 
  7.99822834e-01 
  8.00422670e-01 
  8.01021706e-01 
  8.01619941e-01 
  8.02217374e-01 
  8.02814005e-01 
  8.03409833e-01 
  8.04004857e-01 
  8.04599078e-01 
  8.05192494e-01 
  8.05785105e-01 
  8.06376910e-01 
  8.06967909e-01 
  8.07558100e-01 
  8.08147485e-01 
  8.08736061e-01 
  8.09323828e-01 
  8.09910786e-01 
  8.10496934e-01 
  8.11082271e-01 
  8.11666798e-01 
  8.12250513e-01 
  8.12833415e-01 
  8.13415505e-01 
  8.13996781e-01 
  8.14577243e-01 
  8.15156891e-01 
  8.15735724e-01 
  8.16313740e-01 
  8.16890941e-01 
  8.17467325e-01 
  8.18042891e-01 
  8.18617639e-01 
  8.19191568e-01 
  8.19764679e-01 
  8.20336969e-01 
  8.20908439e-01 
  8.21479089e-01 
  8.22048916e-01 
  8.22617922e-01 
  8.23186105e-01 
  8.23753465e-01 
  8.24320001e-01 
  8.24885713e-01 
  8.25450600e-01 
  8.26014662e-01 
  8.26577897e-01 
  8.27140306e-01 
  8.27701888e-01 
  8.28262642e-01 
  8.28822568e-01 
  8.29381665e-01 
  8.29939933e-01 
  8.30497370e-01 
  8.31053978e-01 
  8.31609754e-01 
  8.32164698e-01 
  8.32718811e-01 
  8.33272090e-01 
  8.33824537e-01 
  8.34376149e-01 
  8.34926928e-01 
  8.35476871e-01 
  8.36025979e-01 
  8.36574250e-01 
  8.37121686e-01 
  8.37668284e-01 
  8.38214044e-01 
  8.38758966e-01 
  8.39303050e-01 
  8.39846294e-01 
  8.40388698e-01 
  8.40930262e-01 
  8.41470985e-01 
  8.42010866e-01 
  8.42549906e-01 
  8.43088103e-01 
  8.43625457e-01 
  8.44161967e-01 
  8.44697633e-01 
  8.45232454e-01 
  8.45766430e-01 
  8.46299561e-01 
  8.46831845e-01 
  8.47363282e-01 
  8.47893872e-01 
  8.48423614e-01 
  8.48952507e-01 
  8.49480552e-01 
  8.50007747e-01 
  8.50534092e-01 
  8.51059587e-01 
  8.51584230e-01 
  8.52108022e-01 
  8.52630962e-01 
  8.53153049e-01 
  8.53674283e-01 
  8.54194663e-01 
  8.54714189e-01 
  8.55232861e-01 
  8.55750677e-01 
  8.56267638e-01 
  8.56783742e-01 
  8.57298989e-01 
  8.57813379e-01 
  8.58326912e-01 
  8.58839586e-01 
  8.59351401e-01 
  8.59862356e-01 
  8.60372452e-01 
  8.60881688e-01 
  8.61390063e-01 
  8.61897576e-01 
  8.62404227e-01 
  8.62910016e-01 
  8.63414942e-01 
  8.63919005e-01 
  8.64422204e-01 
  8.64924538e-01 
  8.65426007e-01 
  8.65926611e-01 
  8.66426349e-01 
  8.66925221e-01 
  8.67423226e-01 
  8.67920363e-01 
  8.68416632e-01 
  8.68912033e-01 
  8.69406565e-01 
  8.69900228e-01 
  8.70393020e-01 
  8.70884943e-01 
  8.71375994e-01 
  8.71866174e-01 
  8.72355482e-01 
  8.72843918e-01 
  8.73331481e-01 
  8.73818171e-01 
  8.74303987e-01 
  8.74788928e-01 
  8.75272995e-01 
  8.75756186e-01 
  8.76238502e-01 
  8.76719942e-01 
  8.77200504e-01 
  8.77680190e-01 
  8.78158998e-01 
  8.78636927e-01 
  8.79113978e-01 
  8.79590150e-01 
  8.80065443e-01 
  8.80539855e-01 
  8.81013387e-01 
  8.81486038e-01 
  8.81957807e-01 
  8.82428694e-01 
  8.82898699e-01 
  8.83367821e-01 
  8.83836060e-01 
  8.84303414e-01 
  8.84769885e-01 
  8.85235471e-01 
  8.85700171e-01 
  8.86163986e-01 
  8.86626914e-01 
  8.87088956e-01 
  8.87550111e-01 
  8.88010379e-01 
  8.88469758e-01 
  8.88928249e-01 
  8.89385851e-01 
  8.89842563e-01 
  8.90298386e-01 
  8.90753318e-01 
  8.91207360e-01 
  8.91660511e-01 
  8.92112769e-01 
  8.92564136e-01 
  8.93014610e-01 
  8.93464191e-01 
  8.93912879e-01 
  8.94360672e-01 
  8.94807572e-01 
  8.95253576e-01 
  8.95698686e-01 
  8.96142899e-01 
  8.96586217e-01 
  8.97028638e-01 
  8.97470161e-01 
  8.97910788e-01 
  8.98350516e-01 
  8.98789346e-01 
  8.99227278e-01 
  8.99664310e-01 
  9.00100442e-01 
  9.00535675e-01 
  9.00970006e-01 
  9.01403437e-01 
  9.01835967e-01 
  9.02267594e-01 
  9.02698319e-01 
  9.03128142e-01 
  9.03557062e-01 
  9.03985077e-01 
  9.04412189e-01 
  9.04838397e-01 
  9.05263700e-01 
  9.05688097e-01 
  9.06111589e-01 
  9.06534174e-01 
  9.06955853e-01 
  9.07376626e-01 
  9.07796490e-01 
  9.08215447e-01 
  9.08633496e-01 
  9.09050636e-01 
  9.09466867e-01 
  9.09882189e-01 
  9.10296601e-01 
  9.10710102e-01 
  9.11122693e-01 
  9.11534372e-01 
  9.11945140e-01 
  9.12354997e-01 
  9.12763940e-01 
  9.13171971e-01 
  9.13579089e-01 
  9.13985293e-01 
  9.14390584e-01 
  9.14794959e-01 
  9.15198420e-01 
  9.15600966e-01 
  9.16002597e-01 
  9.16403311e-01 
  9.16803109e-01 
  9.17201990e-01 
  9.17599954e-01 
  9.17997000e-01 
  9.18393128e-01 
  9.18788338e-01 
  9.19182629e-01 
  9.19576001e-01 
  9.19968453e-01 
  9.20359986e-01 
  9.20750598e-01 
  9.21140289e-01 
  9.21529059e-01 
  9.21916908e-01 
  9.22303834e-01 
  9.22689839e-01 
  9.23074920e-01 
  9.23459079e-01 
  9.23842314e-01 
  9.24224625e-01 
  9.24606012e-01 
  9.24986475e-01 
  9.25366012e-01 
  9.25744624e-01 
  9.26122311e-01 
  9.26499071e-01 
  9.26874905e-01 
  9.27249812e-01 
  9.27623791e-01 
  9.27996843e-01 
  9.28368967e-01 
  9.28740163e-01 
  9.29110430e-01 
  9.29479768e-01 
  9.29848176e-01 
  9.30215654e-01 
  9.30582203e-01 
  9.30947820e-01 
  9.31312507e-01 
  9.31676262e-01 
  9.32039086e-01 
  9.32400978e-01 
  9.32761937e-01 
  9.33121963e-01 
  9.33481057e-01 
  9.33839217e-01 
  9.34196443e-01 
  9.34552735e-01 
  9.34908092e-01 
  9.35262514e-01 
  9.35616002e-01 
  9.35968553e-01 
  9.36320169e-01 
  9.36670848e-01 
  9.37020590e-01 
  9.37369396e-01 
  9.37717264e-01 
  9.38064195e-01 
  9.38410187e-01 
  9.38755241e-01 
  9.39099356e-01 
  9.39442532e-01 
  9.39784769e-01 
  9.40126066e-01 
  9.40466423e-01 
  9.40805839e-01 
  9.41144315e-01 
  9.41481849e-01 
  9.41818442e-01 
  9.42154093e-01 
  9.42488802e-01 
  9.42822568e-01 
  9.43155392e-01 
  9.43487272e-01 
  9.43818209e-01 
  9.44148203e-01 
  9.44477252e-01 
  9.44805356e-01 
  9.45132516e-01 
  9.45458730e-01 
  9.45783999e-01 
  9.46108323e-01 
  9.46431700e-01 
  9.46754131e-01 
  9.47075615e-01 
  9.47396152e-01 
  9.47715741e-01 
  9.48034383e-01 
  9.48352077e-01 
  9.48668823e-01 
  9.48984619e-01 
  9.49299467e-01 
  9.49613366e-01 
  9.49926315e-01 
  9.50238314e-01 
  9.50549362e-01 
  9.50859461e-01 
  9.51168608e-01 
  9.51476804e-01 
  9.51784049e-01 
  9.52090342e-01 
  9.52395682e-01 
  9.52700071e-01 
  9.53003507e-01 
  9.53305989e-01 
  9.53607519e-01 
  9.53908094e-01 
  9.54207716e-01 
  9.54506384e-01 
  9.54804097e-01 
  9.55100856e-01 
  9.55396659e-01 
  9.55691507e-01 
  9.55985399e-01 
  9.56278335e-01 
  9.56570315e-01 
  9.56861338e-01 
  9.57151405e-01 
  9.57440514e-01 
  9.57728666e-01 
  9.58015860e-01 
  9.58302096e-01 
  9.58587374e-01 
  9.58871694e-01 
  9.59155054e-01 
  9.59437455e-01 
  9.59718897e-01 
  9.59999379e-01 
  9.60278901e-01 
  9.60557463e-01 
  9.60835064e-01 
  9.61111705e-01 
  9.61387384e-01 
  9.61662102e-01 
  9.61935858e-01 
  9.62208652e-01 
  9.62480485e-01 
  9.62751354e-01 
  9.63021261e-01 
  9.63290205e-01 
  9.63558185e-01 
  9.63825202e-01 
  9.64091256e-01 
  9.64356345e-01 
  9.64620469e-01 
  9.64883630e-01 
  9.65145825e-01 
  9.65407055e-01 
  9.65667320e-01 
  9.65926619e-01 
  9.66184952e-01 
  9.66442319e-01 
  9.66698719e-01 
  9.66954153e-01 
  9.67208620e-01 
  9.67462119e-01 
  9.67714651e-01 
  9.67966216e-01 
  9.68216812e-01 
  9.68466440e-01 
  9.68715100e-01 
  9.68962791e-01 
  9.69209513e-01 
  9.69455266e-01 
  9.69700050e-01 
  9.69943863e-01 
  9.70186707e-01 
  9.70428581e-01 
  9.70669484e-01 
  9.70909416e-01 
  9.71148378e-01 
  9.71386368e-01 
  9.71623387e-01 
  9.71859435e-01 
  9.72094510e-01 
  9.72328614e-01 
  9.72561745e-01 
  9.72793904e-01 
  9.73025089e-01 
  9.73255302e-01 
  9.73484542e-01 
  9.73712808e-01 
  9.73940100e-01 
  9.74166418e-01 
  9.74391763e-01 
  9.74616132e-01 
  9.74839528e-01 
  9.75061948e-01 
  9.75283393e-01 
  9.75503863e-01 
  9.75723358e-01 
  9.75941877e-01 
  9.76159419e-01 
  9.76375986e-01 
  9.76591576e-01 
  9.76806190e-01 
  9.77019827e-01 
  9.77232487e-01 
  9.77444170e-01 
  9.77654875e-01 
  9.77864602e-01 
  9.78073352e-01 
  9.78281124e-01 
  9.78487917e-01 
  9.78693732e-01 
  9.78898568e-01 
  9.79102425e-01 
  9.79305304e-01 
  9.79507202e-01 
  9.79708122e-01 
  9.79908061e-01 
  9.80107021e-01 
  9.80305001e-01 
  9.80502000e-01 
  9.80698019e-01 
  9.80893057e-01 
  9.81087114e-01 
  9.81280190e-01 
  9.81472285e-01 
  9.81663399e-01 
  9.81853530e-01 
  9.82042680e-01 
  9.82230848e-01 
  9.82418034e-01 
  9.82604237e-01 
  9.82789457e-01 
  9.82973695e-01 
  9.83156950e-01 
  9.83339222e-01 
  9.83520510e-01 
  9.83700815e-01 
  9.83880136e-01 
  9.84058473e-01 
  9.84235826e-01 
  9.84412195e-01 
  9.84587580e-01 
  9.84761980e-01 
  9.84935395e-01 
  9.85107825e-01 
  9.85279270e-01 
  9.85449730e-01 
  9.85619204e-01 
  9.85787693e-01 
  9.85955196e-01 
  9.86121713e-01 
  9.86287244e-01 
  9.86451789e-01 
  9.86615347e-01 
  9.86777918e-01 
  9.86939503e-01 
  9.87100101e-01 
  9.87259712e-01 
  9.87418335e-01 
  9.87575971e-01 
  9.87732620e-01 
  9.87888281e-01 
  9.88042953e-01 
  9.88196638e-01 
  9.88349335e-01 
  9.88501043e-01 
  9.88651763e-01 
  9.88801494e-01 
  9.88950236e-01 
  9.89097990e-01 
  9.89244754e-01 
  9.89390529e-01 
  9.89535315e-01 
  9.89679111e-01 
  9.89821917e-01 
  9.89963734e-01 
  9.90104560e-01 
  9.90244397e-01 
  9.90383243e-01 
  9.90521099e-01 
  9.90657964e-01 
  9.90793839e-01 
  9.90928723e-01 
  9.91062616e-01 
  9.91195518e-01 
  9.91327429e-01 
  9.91458348e-01 
  9.91588276e-01 
  9.91717213e-01 
  9.91845157e-01 
  9.91972110e-01 
  9.92098071e-01 
  9.92223040e-01 
  9.92347016e-01 
  9.92470000e-01 
  9.92591992e-01 
  9.92712991e-01 
  9.92832997e-01 
  9.92952011e-01 
  9.93070032e-01 
  9.93187059e-01 
  9.93303093e-01 
  9.93418135e-01 
  9.93532182e-01 
  9.93645236e-01 
  9.93757297e-01 
  9.93868363e-01 
  9.93978436e-01 
  9.94087515e-01 
  9.94195600e-01 
  9.94302690e-01 
  9.94408787e-01 
  9.94513889e-01 
  9.94617996e-01 
  9.94721109e-01 
  9.94823227e-01 
  9.94924350e-01 
  9.95024478e-01 
  9.95123611e-01 
  9.95221749e-01 
  9.95318892e-01 
  9.95415040e-01 
  9.95510192e-01 
  9.95604349e-01 
  9.95697510e-01 
  9.95789675e-01 
  9.95880845e-01 
  9.95971018e-01 
  9.96060196e-01 
  9.96148378e-01 
  9.96235563e-01 
  9.96321752e-01 
  9.96406945e-01 
  9.96491142e-01 
  9.96574342e-01 
  9.96656545e-01 
  9.96737752e-01 
  9.96817962e-01 
  9.96897175e-01 
  9.96975392e-01 
  9.97052611e-01 
  9.97128833e-01 
  9.97204059e-01 
  9.97278287e-01 
  9.97351517e-01 
  9.97423751e-01 
  9.97494987e-01 
  9.97565225e-01 
  9.97634466e-01 
  9.97702709e-01 
  9.97769955e-01 
  9.97836202e-01 
  9.97901452e-01 
  9.97965704e-01 
  9.98028959e-01 
  9.98091215e-01 
  9.98152472e-01 
  9.98212732e-01 
  9.98271994e-01 
  9.98330257e-01 
  9.98387522e-01 
  9.98443789e-01 
  9.98499057e-01 
  9.98553327e-01 
  9.98606598e-01 
  9.98658870e-01 
  9.98710144e-01 
  9.98760419e-01 
  9.98809695e-01 
  9.98857973e-01 
  9.98905252e-01 
  9.98951531e-01 
  9.98996812e-01 
  9.99041094e-01 
  9.99084377e-01 
  9.99126661e-01 
  9.99167945e-01 
  9.99208231e-01 
  9.99247517e-01 
  9.99285804e-01 
  9.99323092e-01 
  9.99359380e-01 
  9.99394669e-01 
  9.99428959e-01 
  9.99462249e-01 
  9.99494539e-01 
  9.99525831e-01 
  9.99556122e-01 
  9.99585414e-01 
  9.99613707e-01 
  9.99641000e-01 
  9.99667293e-01 
  9.99692587e-01 
  9.99716881e-01 
  9.99740175e-01 
  9.99762469e-01 
  9.99783764e-01 
  9.99804059e-01 
  9.99823354e-01 
  9.99841650e-01 
  9.99858945e-01 
  9.99875241e-01 
  9.99890536e-01 
  9.99904832e-01 
  9.99918128e-01 
  9.99930424e-01 
  9.99941720e-01 
  9.99952016e-01 
  9.99961313e-01 
  9.99969609e-01 
  9.99976905e-01 
  9.99983201e-01 
  9.99988498e-01 
  9.99992794e-01 
  9.99996090e-01 
  9.99998387e-01 
  9.99999683e-01 
  9.99999979e-01 
  9.99999276e-01 
  9.99997572e-01 
  9.99994868e-01 
  9.99991165e-01 
  9.99986461e-01 
  9.99980757e-01 
  9.99974054e-01 
  9.99966350e-01 
  9.99957646e-01 
  9.99947943e-01 
  9.99937240e-01 
  9.99925536e-01 
  9.99912833e-01 
  9.99899130e-01 
  9.99884426e-01 
  9.99868723e-01 
  9.99852020e-01 
  9.99834318e-01 
  9.99815615e-01 
  9.99795913e-01 
  9.99775211e-01 
  9.99753509e-01 
  9.99730807e-01 
  9.99707105e-01 
  9.99682404e-01 
  9.99656703e-01 
  9.99630003e-01 
  9.99602303e-01 
  9.99573603e-01 
  9.99543904e-01 
  9.99513205e-01 
  9.99481507e-01 
  9.99448809e-01 
  9.99415111e-01 
  9.99380415e-01 
  9.99344719e-01 
  9.99308023e-01 
  9.99270328e-01 
  9.99231634e-01 
  9.99191941e-01 
  9.99151249e-01 
  9.99109557e-01 
  9.99066866e-01 
  9.99023177e-01 
  9.98978488e-01 
  9.98932800e-01 
  9.98886113e-01 
  9.98838428e-01 
  9.98789743e-01 
  9.98740060e-01 
  9.98689378e-01 
  9.98637698e-01 
  9.98585018e-01 
  9.98531341e-01 
  9.98476664e-01 
  9.98420989e-01 
  9.98364316e-01 
  9.98306644e-01 
  9.98247974e-01 
  9.98188306e-01 
  9.98127640e-01 
  9.98065975e-01 
  9.98003313e-01 
  9.97939652e-01 
  9.97874994e-01 
  9.97809337e-01 
  9.97742683e-01 
  9.97675031e-01 
  9.97606381e-01 
  9.97536734e-01 
  9.97466089e-01 
  9.97394447e-01 
  9.97321807e-01 
  9.97248170e-01 
  9.97173536e-01 
  9.97097905e-01 
  9.97021276e-01 
  9.96943651e-01 
  9.96865028e-01 
  9.96785409e-01 
  9.96704793e-01 
  9.96623180e-01 
  9.96540571e-01 
  9.96456965e-01 
  9.96372362e-01 
  9.96286764e-01 
  9.96200169e-01 
  9.96112577e-01 
  9.96023990e-01 
  9.95934407e-01 
  9.95843827e-01 
  9.95752252e-01 
  9.95659681e-01 
  9.95566114e-01 
  9.95471552e-01 
  9.95375995e-01 
  9.95279442e-01 
  9.95181893e-01 
  9.95083350e-01 
  9.94983811e-01 
  9.94883278e-01 
  9.94781749e-01 
  9.94679226e-01 
  9.94575708e-01 
  9.94471196e-01 
  9.94365689e-01 
  9.94259187e-01 
  9.94151692e-01 
  9.94043202e-01 
  9.93933718e-01 
  9.93823241e-01 
  9.93711769e-01 
  9.93599304e-01 
  9.93485845e-01 
  9.93371393e-01 
  9.93255947e-01 
  9.93139508e-01 
  9.93022076e-01 
  9.92903651e-01 
  9.92784233e-01 
  9.92663822e-01 
  9.92542419e-01 
  9.92420023e-01 
  9.92296634e-01 
  9.92172254e-01 
  9.92046881e-01 
  9.91920516e-01 
  9.91793159e-01 
  9.91664810e-01 
  9.91535470e-01 
  9.91405138e-01 
  9.91273815e-01 
  9.91141501e-01 
  9.91008195e-01 
  9.90873898e-01 
  9.90738611e-01 
  9.90602332e-01 
  9.90465064e-01 
  9.90326804e-01 
  9.90187554e-01 
  9.90047315e-01 
  9.89906085e-01 
  9.89763865e-01 
  9.89620655e-01 
  9.89476456e-01 
  9.89331267e-01 
  9.89185089e-01 
  9.89037922e-01 
  9.88889766e-01 
  9.88740621e-01 
  9.88590487e-01 
  9.88439365e-01 
  9.88287254e-01 
  9.88134155e-01 
  9.87980067e-01 
  9.87824992e-01 
  9.87668929e-01 
  9.87511878e-01 
  9.87353840e-01 
  9.87194814e-01 
  9.87034801e-01 
  9.86873801e-01 
  9.86711815e-01 
  9.86548841e-01 
  9.86384881e-01 
  9.86219935e-01 
  9.86054002e-01 
  9.85887083e-01 
  9.85719179e-01 
  9.85550289e-01 
  9.85380413e-01 
  9.85209552e-01 
  9.85037705e-01 
  9.84864874e-01 
  9.84691057e-01 
  9.84516256e-01 
  9.84340471e-01 
  9.84163701e-01 
  9.83985947e-01 
  9.83807209e-01 
  9.83627487e-01 
  9.83446782e-01 
  9.83265093e-01 
  9.83082421e-01 
  9.82898765e-01 
  9.82714127e-01 
  9.82528506e-01 
  9.82341903e-01 
  9.82154317e-01 
  9.81965749e-01 
  9.81776199e-01 
  9.81585668e-01 
  9.81394155e-01 
  9.81201660e-01 
  9.81008184e-01 
  9.80813727e-01 
  9.80618290e-01 
  9.80421871e-01 
  9.80224473e-01 
  9.80026094e-01 
  9.79826735e-01 
  9.79626396e-01 
  9.79425078e-01 
  9.79222780e-01 
  9.79019503e-01 
  9.78815247e-01 
  9.78610012e-01 
  9.78403799e-01 
  9.78196607e-01 
  9.77988437e-01 
  9.77779289e-01 
  9.77569163e-01 
  9.77358059e-01 
  9.77145979e-01 
  9.76932921e-01 
  9.76718886e-01 
  9.76503874e-01 
  9.76287886e-01 
  9.76070922e-01 
  9.75852982e-01 
  9.75634065e-01 
  9.75414173e-01 
  9.75193306e-01 
  9.74971464e-01 
  9.74748646e-01 
  9.74524854e-01 
  9.74300087e-01 
  9.74074346e-01 
  9.73847631e-01 
  9.73619942e-01 
  9.73391279e-01 
  9.73161643e-01 
  9.72931034e-01 
  9.72699452e-01 
  9.72466897e-01 
  9.72233370e-01 
  9.71998871e-01 
  9.71763399e-01 
  9.71526956e-01 
  9.71289541e-01 
  9.71051155e-01 
  9.70811798e-01 
  9.70571470e-01 
  9.70330171e-01 
  9.70087903e-01 
  9.69844664e-01 
  9.69600455e-01 
  9.69355277e-01 
  9.69109129e-01 
  9.68862012e-01 
  9.68613926e-01 
  9.68364872e-01 
  9.68114849e-01 
  9.67863859e-01 
  9.67611900e-01 
  9.67358974e-01 
  9.67105080e-01 
  9.66850219e-01 
  9.66594392e-01 
  9.66337598e-01 
  9.66079837e-01 
  9.65821111e-01 
  9.65561418e-01 
  9.65300760e-01 
  9.65039137e-01 
  9.64776549e-01 
  9.64512996e-01 
  9.64248478e-01 
  9.63982996e-01 
  9.63716550e-01 
  9.63449141e-01 
  9.63180768e-01 
  9.62911432e-01 
  9.62641133e-01 
  9.62369871e-01 
  9.62097647e-01 
  9.61824461e-01 
  9.61550313e-01 
  9.61275203e-01 
  9.60999132e-01 
  9.60722100e-01 
  9.60444108e-01 
  9.60165155e-01 
  9.59885242e-01 
  9.59604369e-01 
  9.59322536e-01 
  9.59039744e-01 
  9.58755993e-01 
  9.58471283e-01 
  9.58185615e-01 
  9.57898988e-01 
  9.57611404e-01 
  9.57322862e-01 
  9.57033363e-01 
  9.56742907e-01 
  9.56451494e-01 
  9.56159124e-01 
  9.55865798e-01 
  9.55571517e-01 
  9.55276280e-01 
  9.54980087e-01 
  9.54682940e-01 
  9.54384838e-01 
  9.54085782e-01 
  9.53785771e-01 
  9.53484807e-01 
  9.53182889e-01 
  9.52880018e-01 
  9.52576194e-01 
  9.52271418e-01 
  9.51965689e-01 
  9.51659009e-01 
  9.51351376e-01 
  9.51042793e-01 
  9.50733258e-01 
  9.50422772e-01 
  9.50111337e-01 
  9.49798951e-01 
  9.49485615e-01 
  9.49171330e-01 
  9.48856095e-01 
  9.48539912e-01 
  9.48222780e-01 
  9.47904700e-01 
  9.47585672e-01 
  9.47265697e-01 
  9.46944774e-01 
  9.46622904e-01 
  9.46300088e-01 
  9.45976325e-01 
  9.45651616e-01 
  9.45325962e-01 
  9.44999362e-01 
  9.44671818e-01 
  9.44343329e-01 
  9.44013895e-01 
  9.43683517e-01 
  9.43352196e-01 
  9.43019931e-01 
  9.42686724e-01 
  9.42352573e-01 
  9.42017480e-01 
  9.41681446e-01 
  9.41344469e-01 
  9.41006551e-01 
  9.40667693e-01 
  9.40327893e-01 
  9.39987153e-01 
  9.39645474e-01 
  9.39302854e-01 
  9.38959296e-01 
  9.38614798e-01 
  9.38269362e-01 
  9.37922987e-01 
  9.37575675e-01 
  9.37227424e-01 
  9.36878237e-01 
  9.36528113e-01 
  9.36177052e-01 
  9.35825055e-01 
  9.35472123e-01 
  9.35118255e-01 
  9.34763451e-01 
  9.34407713e-01 
  9.34051041e-01 
  9.33693434e-01 
  9.33334894e-01 
  9.32975421e-01 
  9.32615014e-01 
  9.32253675e-01 
  9.31891404e-01 
  9.31528200e-01 
  9.31164065e-01 
  9.30798999e-01 
  9.30433003e-01 
  9.30066076e-01 
  9.29698218e-01 
  9.29329431e-01 
  9.28959715e-01 
  9.28589070e-01 
  9.28217496e-01 
  9.27844994e-01 
  9.27471564e-01 
  9.27097207e-01 
  9.26721922e-01 
  9.26345711e-01 
  9.25968573e-01 
  9.25590510e-01 
  9.25211521e-01 
  9.24831606e-01 
  9.24450767e-01 
  9.24069004e-01 
  9.23686316e-01 
  9.23302705e-01 
  9.22918170e-01 
  9.22532713e-01 
  9.22146332e-01 
  9.21759030e-01 
  9.21370806e-01 
  9.20981661e-01 
  9.20591594e-01 
  9.20200608e-01 
  9.19808700e-01 
  9.19415873e-01 
  9.19022127e-01 
  9.18627462e-01 
  9.18231878e-01 
  9.17835375e-01 
  9.17437955e-01 
  9.17039618e-01 
  9.16640363e-01 
  9.16240192e-01 
  9.15839105e-01 
  9.15437101e-01 
  9.15034183e-01 
  9.14630349e-01 
  9.14225600e-01 
  9.13819938e-01 
  9.13413361e-01 
  9.13005871e-01 
  9.12597469e-01 
  9.12188153e-01 
  9.11777926e-01 
  9.11366786e-01 
  9.10954735e-01 
  9.10541774e-01 
  9.10127901e-01 
  9.09713119e-01 
  9.09297427e-01 
  9.08880825e-01 
  9.08463315e-01 
  9.08044896e-01 
  9.07625570e-01 
  9.07205335e-01 
  9.06784193e-01 
  9.06362145e-01 
  9.05939190e-01 
  9.05515330e-01 
  9.05090563e-01 
  9.04664892e-01 
  9.04238316e-01 
  9.03810836e-01 
  9.03382452e-01 
  9.02953164e-01 
  9.02522974e-01 
  9.02091881e-01 
  9.01659886e-01 
  9.01226989e-01 
  9.00793192e-01 
  9.00358493e-01 
  8.99922894e-01 
  8.99486395e-01 
  8.99048996e-01 
  8.98610699e-01 
  8.98171503e-01 
  8.97731409e-01 
  8.97290417e-01 
  8.96848527e-01 
  8.96405741e-01 
  8.95962059e-01 
  8.95517480e-01 
  8.95072006e-01 
  8.94625637e-01 
  8.94178373e-01 
  8.93730215e-01 
  8.93281164e-01 
  8.92831219e-01 
  8.92380381e-01 
  8.91928651e-01 
  8.91476029e-01 
  8.91022515e-01 
  8.90568111e-01 
  8.90112816e-01 
  8.89656630e-01 
  8.89199556e-01 
  8.88741592e-01 
  8.88282739e-01 
  8.87822998e-01 
  8.87362369e-01 
  8.86900852e-01 
  8.86438449e-01 
  8.85975160e-01 
  8.85510984e-01 
  8.85045923e-01 
  8.84579977e-01 
  8.84113146e-01 
  8.83645431e-01 
  8.83176832e-01 
  8.82707351e-01 
  8.82236986e-01 
  8.81765740e-01 
  8.81293611e-01 
  8.80820602e-01 
  8.80346711e-01 
  8.79871940e-01 
  8.79396290e-01 
  8.78919760e-01 
  8.78442350e-01 
  8.77964063e-01 
  8.77484898e-01 
  8.77004855e-01 
  8.76523935e-01 
  8.76042138e-01 
  8.75559466e-01 
  8.75075918e-01 
  8.74591495e-01 
  8.74106197e-01 
  8.73620025e-01 
  8.73132980e-01 
  8.72645061e-01 
  8.72156270e-01 
  8.71666606e-01 
  8.71176071e-01 
  8.70684665e-01 
  8.70192388e-01 
  8.69699241e-01 
  8.69205224e-01 
  8.68710338e-01 
  8.68214583e-01 
  8.67717961e-01 
  8.67220470e-01 
  8.66722112e-01 
  8.66222887e-01 
  8.65722797e-01 
  8.65221840e-01 
  8.64720018e-01 
  8.64217332e-01 
  8.63713781e-01 
  8.63209367e-01 
  8.62704089e-01 
  8.62197949e-01 
  8.61690946e-01 
  8.61183082e-01 
  8.60674357e-01 
  8.60164770e-01 
  8.59654324e-01 
  8.59143018e-01 
  8.58630853e-01 
  8.58117830e-01 
  8.57603948e-01 
  8.57089208e-01 
  8.56573612e-01 
  8.56057159e-01 
  8.55539850e-01 
  8.55021685e-01 
  8.54502666e-01 
  8.53982791e-01 
  8.53462063e-01 
  8.52940482e-01 
  8.52418047e-01 
  8.51894760e-01 
  8.51370621e-01 
  8.50845631e-01 
  8.50319790e-01 
  8.49793098e-01 
  8.49265557e-01 
  8.48737167e-01 
  8.48207928e-01 
  8.47677840e-01 
  8.47146905e-01 
  8.46615123e-01 
  8.46082494e-01 
  8.45549019e-01 
  8.45014699e-01 
  8.44479533e-01 
  8.43943523e-01 
  8.43406669e-01 
  8.42868972e-01 
  8.42330432e-01 
  8.41791049e-01 
  8.41250825e-01 
  8.40709759e-01 
  8.40167853e-01 
  8.39625107e-01 
  8.39081520e-01 
  8.38537095e-01 
  8.37991832e-01 
  8.37445730e-01 
  8.36898791e-01 
  8.36351015e-01 
  8.35802402e-01 
  8.35252954e-01 
  8.34702671e-01 
  8.34151553e-01 
  8.33599600e-01 
  8.33046814e-01 
  8.32493196e-01 
  8.31938744e-01 
  8.31383461e-01 
  8.30827346e-01 
  8.30270400e-01 
  8.29712625e-01 
  8.29154019e-01 
  8.28594584e-01 
  8.28034321e-01 
  8.27473230e-01 
  8.26911311e-01 
  8.26348565e-01 
  8.25784993e-01 
  8.25220595e-01 
  8.24655372e-01 
  8.24089324e-01 
  8.23522453e-01 
  8.22954757e-01 
  8.22386239e-01 
  8.21816898e-01 
  8.21246736e-01 
  8.20675752e-01 
  8.20103948e-01 
  8.19531323e-01 
  8.18957879e-01 
  8.18383616e-01 
  8.17808535e-01 
  8.17232635e-01 
  8.16655919e-01 
  8.16078386e-01 
  8.15500037e-01 
  8.14920872e-01 
  8.14340892e-01 
  8.13760098e-01 
  8.13178491e-01 
  8.12596070e-01 
  8.12012836e-01 
  8.11428791e-01 
  8.10843934e-01 
  8.10258266e-01 
  8.09671788e-01 
  8.09084501e-01 
  8.08496404e-01 
  8.07907499e-01 
  8.07317785e-01 
  8.06727265e-01 
  8.06135938e-01 
  8.05543804e-01 
  8.04950865e-01 
  8.04357122e-01 
  8.03762573e-01 
  8.03167221e-01 
  8.02571066e-01 
  8.01974109e-01 
  8.01376349e-01 
  8.00777788e-01 
  8.00178426e-01 
  7.99578264e-01 
  7.98977302e-01 
  7.98375542e-01 
  7.97772983e-01 
  7.97169626e-01 
  7.96565472e-01 
  7.95960522e-01 
  7.95354775e-01 
  7.94748234e-01 
  7.94140897e-01 
  7.93532766e-01 
  7.92923842e-01 
  7.92314125e-01 
  7.91703616e-01 
  7.91092315e-01 
  7.90480222e-01 
  7.89867340e-01 
  7.89253667e-01 
  7.88639205e-01 
  7.88023955e-01 
  7.87407916e-01 
  7.86791090e-01 
  7.86173478e-01 
  7.85555079e-01 
  7.84935894e-01 
  7.84315925e-01 
  7.83695171e-01 
  7.83073634e-01 
  7.82451314e-01 
  7.81828211e-01 
  7.81204326e-01 
  7.80579660e-01 
  7.79954214e-01 
  7.79327987e-01 
  7.78700981e-01 
  7.78073197e-01 
  7.77444634e-01 
  7.76815294e-01 
  7.76185178e-01 
  7.75554285e-01 
  7.74922616e-01 
  7.74290172e-01 
  7.73656955e-01 
  7.73022963e-01 
  7.72388199e-01 
  7.71752662e-01 
  7.71116353e-01 
  7.70479274e-01 
  7.69841424e-01 
  7.69202804e-01 
  7.68563414e-01 
  7.67923257e-01 
  7.67282331e-01 
  7.66640638e-01 
  7.65998178e-01 
  7.65354953e-01 
  7.64710962e-01 
  7.64066206e-01 
  7.63420686e-01 
  7.62774403e-01 
  7.62127357e-01 
  7.61479549e-01 
  7.60830979e-01 
  7.60181649e-01 
  7.59531558e-01 
  7.58880708e-01 
  7.58229099e-01 
  7.57576732e-01 
  7.56923607e-01 
  7.56269725e-01 
  7.55615087e-01 
  7.54959694e-01 
  7.54303545e-01 
  7.53646642e-01 
  7.52988986e-01 
  7.52330576e-01 
  7.51671415e-01 
  7.51011501e-01 
  7.50350837e-01 
  7.49689422e-01 
  7.49027257e-01 
  7.48364344e-01 
  7.47700682e-01 
  7.47036272e-01 
  7.46371115e-01 
  7.45705212e-01 
  7.45038563e-01 
  7.44371170e-01 
  7.43703031e-01 
  7.43034150e-01 
  7.42364525e-01 
  7.41694157e-01 
  7.41023048e-01 
  7.40351198e-01 
  7.39678608e-01 
  7.39005278e-01 
  7.38331209e-01 
  7.37656402e-01 
  7.36980857e-01 
  7.36304575e-01 
  7.35627556e-01 
  7.34949802e-01 
  7.34271314e-01 
  7.33592090e-01 
  7.32912134e-01 
  7.32231444e-01 
  7.31550022e-01 
  7.30867869e-01 
  7.30184984e-01 
  7.29501370e-01 
  7.28817026e-01 
  7.28131953e-01 
  7.27446152e-01 
  7.26759624e-01 
  7.26072369e-01 
  7.25384387e-01 
  7.24695681e-01 
  7.24006250e-01 
  7.23316094e-01 
  7.22625216e-01 
  7.21933614e-01 
  7.21241291e-01 
  7.20548247e-01 
  7.19854482e-01 
  7.19159997e-01 
  7.18464793e-01 
  7.17768871e-01 
  7.17072230e-01 
  7.16374873e-01 
  7.15676799e-01 
  7.14978010e-01 
  7.14278506e-01 
  7.13578287e-01 
  7.12877355e-01 
  7.12175710e-01 
  7.11473353e-01 
  7.10770284e-01 
  7.10066505e-01 
  7.09362015e-01 
  7.08656816e-01 
  7.07950909e-01 
  7.07244293e-01 
  7.06536970e-01 
  7.05828941e-01 
  7.05120206e-01 
  7.04410766e-01 
  7.03700621e-01 
  7.02989773e-01 
  7.02278221e-01 
  7.01565968e-01 
  7.00853013e-01 
  7.00139357e-01 
  6.99425000e-01 
  6.98709945e-01 
  6.97994191e-01 
  6.97277738e-01 
  6.96560589e-01 
  6.95842743e-01 
  6.95124201e-01 
  6.94404963e-01 
  6.93685032e-01 
  6.92964407e-01 
  6.92243089e-01 
  6.91521078e-01 
  6.90798376e-01 
  6.90074984e-01 
  6.89350901e-01 
  6.88626129e-01 
  6.87900668e-01 
  6.87174519e-01 
  6.86447683e-01 
  6.85720161e-01 
  6.84991953e-01 
  6.84263060e-01 
  6.83533483e-01 
  6.82803222e-01 
  6.82072278e-01 
  6.81340653e-01 
  6.80608346e-01 
  6.79875358e-01 
  6.79141690e-01 
  6.78407344e-01 
  6.77672319e-01 
  6.76936616e-01 
  6.76200236e-01 
  6.75463181e-01 
  6.74725449e-01 
  6.73987043e-01 
  6.73247963e-01 
  6.72508210e-01 
  6.71767784e-01 
  6.71026687e-01 
  6.70284918e-01 
  6.69542479e-01 
  6.68799371e-01 
  6.68055593e-01 
  6.67311148e-01 
  6.66566036e-01 
  6.65820256e-01 
  6.65073811e-01 
  6.64326701e-01 
  6.63578927e-01 
  6.62830489e-01 
  6.62081388e-01 
  6.61331625e-01 
  6.60581201e-01 
  6.59830117e-01 
  6.59078372e-01 
  6.58325968e-01 
  6.57572906e-01 
  6.56819187e-01 
  6.56064810e-01 
  6.55309778e-01 
  6.54554090e-01 
  6.53797748e-01 
  6.53040752e-01 
  6.52283102e-01 
  6.51524801e-01 
  6.50765848e-01 
  6.50006244e-01 
  6.49245991e-01 
  6.48485088e-01 
  6.47723536e-01 
  6.46961337e-01 
  6.46198491e-01 
  6.45434998e-01 
  6.44670861e-01 
  6.43906078e-01 
  6.43140652e-01 
  6.42374582e-01 
  6.41607870e-01 
  6.40840517e-01 
  6.40072522e-01 
  6.39303888e-01 
  6.38534614e-01 
  6.37764702e-01 
  6.36994152e-01 
  6.36222965e-01 
  6.35451142e-01 
  6.34678683e-01 
  6.33905590e-01 
  6.33131863e-01 
  6.32357502e-01 
  6.31582509e-01 
  6.30806885e-01 
  6.30030630e-01 
  6.29253745e-01 
  6.28476230e-01 
  6.27698088e-01 
  6.26919317e-01 
  6.26139919e-01 
  6.25359896e-01 
  6.24579247e-01 
  6.23797973e-01 
  6.23016076e-01 
  6.22233555e-01 
  6.21450413e-01 
  6.20666649e-01 
  6.19882264e-01 
  6.19097259e-01 
  6.18311635e-01 
  6.17525393e-01 
  6.16738534e-01 
  6.15951058e-01 
  6.15162965e-01 
  6.14374258e-01 
  6.13584936e-01 
  6.12795001e-01 
  6.12004452e-01 
  6.11213292e-01 
  6.10421521e-01 
  6.09629139e-01 
  6.08836148e-01 
  6.08042547e-01 
  6.07248339e-01 
  6.06453523e-01 
  6.05658101e-01 
  6.04862074e-01 
  6.04065441e-01 
  6.03268204e-01 
  6.02470365e-01 
  6.01671922e-01 
  6.00872878e-01 
  6.00073233e-01 
  5.99272988e-01 
  5.98472144e-01 
  5.97670701e-01 
  5.96868661e-01 
  5.96066024e-01 
  5.95262790e-01 
  5.94458962e-01 
  5.93654539e-01 
  5.92849522e-01 
  5.92043913e-01 
  5.91237711e-01 
  5.90430918e-01 
  5.89623535e-01 
  5.88815562e-01 
  5.88007000e-01 
  5.87197851e-01 
  5.86388114e-01 
  5.85577790e-01 
  5.84766881e-01 
  5.83955388e-01 
  5.83143310e-01 
  5.82330650e-01 
  5.81517406e-01 
  5.80703582e-01 
  5.79889177e-01 
  5.79074191e-01 
  5.78258627e-01 
  5.77442485e-01 
  5.76625765e-01 
  5.75808468e-01 
  5.74990596e-01 
  5.74172148e-01 
  5.73353127e-01 
  5.72533532e-01 
  5.71713364e-01 
  5.70892625e-01 
  5.70071315e-01 
  5.69249435e-01 
  5.68426986e-01 
  5.67603968e-01 
  5.66780383e-01 
  5.65956230e-01 
  5.65131512e-01 
  5.64306229e-01 
  5.63480381e-01 
  5.62653970e-01 
  5.61826997e-01 
  5.60999461e-01 
  5.60171365e-01 
  5.59342708e-01 
  5.58513492e-01 
  5.57683717e-01 
  5.56853385e-01 
  5.56022496e-01 
  5.55191051e-01 
  5.54359051e-01 
  5.53526496e-01 
  5.52693388e-01 
  5.51859727e-01 
  5.51025514e-01 
  5.50190750e-01 
  5.49355436e-01 
  5.48519573e-01 
  5.47683161e-01 
  5.46846202e-01 
  5.46008695e-01 
  5.45170643e-01 
  5.44332045e-01 
  5.43492904e-01 
  5.42653218e-01 
  5.41812990e-01 
  5.40972220e-01 
  5.40130910e-01 
  5.39289059e-01 
  5.38446668e-01 
  5.37603740e-01 
  5.36760273e-01 
  5.35916270e-01 
  5.35071731e-01 
  5.34226657e-01 
  5.33381049e-01 
  5.32534908e-01 
  5.31688233e-01 
  5.30841028e-01 
  5.29993291e-01 
  5.29145024e-01 
  5.28296228e-01 
  5.27446904e-01 
  5.26597053e-01 
  5.25746674e-01 
  5.24895771e-01 
  5.24044342e-01 
  5.23192389e-01 
  5.22339913e-01 
  5.21486914e-01 
  5.20633394e-01 
  5.19779354e-01 
  5.18924794e-01 
  5.18069714e-01 
  5.17214117e-01 
  5.16358003e-01 
  5.15501372e-01 
  5.14644225e-01 
  5.13786564e-01 
  5.12928390e-01 
  5.12069702e-01 
  5.11210502e-01 
  5.10350791e-01 
  5.09490570e-01 
  5.08629839e-01 
  5.07768599e-01 
  5.06906852e-01 
  5.06044598e-01 
  5.05181838e-01 
  5.04318573e-01 
  5.03454803e-01 
  5.02590530e-01 
  5.01725754e-01 
  5.00860476e-01 
  4.99994698e-01 
  4.99128420e-01 
  4.98261642e-01 
  4.97394367e-01 
  4.96526594e-01 
  4.95658324e-01 
  4.94789559e-01 
  4.93920299e-01 
  4.93050545e-01 
  4.92180298e-01 
  4.91309558e-01 
  4.90438328e-01 
  4.89566607e-01 
  4.88694396e-01 
  4.87821697e-01 
  4.86948510e-01 
  4.86074836e-01 
  4.85200676e-01 
  4.84326031e-01 
  4.83450901e-01 
  4.82575288e-01 
  4.81699192e-01 
  4.80822615e-01 
  4.79945557e-01 
  4.79068019e-01 
  4.78190002e-01 
  4.77311506e-01 
  4.76432534e-01 
  4.75553084e-01 
  4.74673160e-01 
  4.73792760e-01 
  4.72911887e-01 
  4.72030541e-01 
  4.71148723e-01 
  4.70266434e-01 
  4.69383675e-01 
  4.68500446e-01 
  4.67616748e-01 
  4.66732583e-01 
  4.65847952e-01 
  4.64962854e-01 
  4.64077292e-01 
  4.63191265e-01 
  4.62304775e-01 
  4.61417823e-01 
  4.60530410e-01 
  4.59642535e-01 
  4.58754202e-01 
  4.57865409e-01 
  4.56976159e-01 
  4.56086452e-01 
  4.55196288e-01 
  4.54305670e-01 
  4.53414597e-01 
  4.52523071e-01 
  4.51631092e-01 
  4.50738661e-01 
  4.49845780e-01 
  4.48952449e-01 
  4.48058669e-01 
  4.47164441e-01 
  4.46269766e-01 
  4.45374645e-01 
  4.44479078e-01 
  4.43583066e-01 
  4.42686611e-01 
  4.41789714e-01 
  4.40892374e-01 
  4.39994594e-01 
  4.39096374e-01 
  4.38197715e-01 
  4.37298617e-01 
  4.36399082e-01 
  4.35499111e-01 
  4.34598704e-01 
  4.33697863e-01 
  4.32796588e-01 
  4.31894880e-01 
  4.30992740e-01 
  4.30090169e-01 
  4.29187169e-01 
  4.28283739e-01 
  4.27379880e-01 
  4.26475595e-01 
  4.25570882e-01 
  4.24665745e-01 
  4.23760182e-01 
  4.22854196e-01 
  4.21947787e-01 
  4.21040956e-01 
  4.20133704e-01 
  4.19226032e-01 
  4.18317941e-01 
  4.17409431e-01 
  4.16500504e-01 
  4.15591160e-01 
  4.14681401e-01 
  4.13771227e-01 
  4.12860640e-01 
  4.11949639e-01 
  4.11038227e-01 
  4.10126403e-01 
  4.09214170e-01 
  4.08301527e-01 
  4.07388476e-01 
  4.06475017e-01 
  4.05561152e-01 
  4.04646882e-01 
  4.03732207e-01 
  4.02817128e-01 
  4.01901646e-01 
  4.00985762e-01 
  4.00069478e-01 
  3.99152793e-01 
  3.98235709e-01 
  3.97318227e-01 
  3.96400348e-01 
  3.95482072e-01 
  3.94563400e-01 
  3.93644335e-01 
  3.92724875e-01 
  3.91805023e-01 
  3.90884779e-01 
  3.89964144e-01 
  3.89043119e-01 
  3.88121705e-01 
  3.87199903e-01 
  3.86277714e-01 
  3.85355138e-01 
  3.84432178e-01 
  3.83508832e-01 
  3.82585103e-01 
  3.81660992e-01 
  3.80736499e-01 
  3.79811625e-01 
  3.78886372e-01 
  3.77960739e-01 
  3.77034729e-01 
  3.76108341e-01 
  3.75181578e-01 
  3.74254439e-01 
  3.73326926e-01 
  3.72399039e-01 
  3.71470781e-01 
  3.70542150e-01 
  3.69613150e-01 
  3.68683779e-01 
  3.67754040e-01 
  3.66823933e-01 
  3.65893460e-01 
  3.64962620e-01 
  3.64031416e-01 
  3.63099847e-01 
  3.62167916e-01 
  3.61235622e-01 
  3.60302967e-01 
  3.59369951e-01 
  3.58436577e-01 
  3.57502844e-01 
  3.56568753e-01 
  3.55634306e-01 
  3.54699503e-01 
  3.53764345e-01 
  3.52828834e-01 
  3.51892970e-01 
  3.50956754e-01 
  3.50020187e-01 
  3.49083270e-01 
  3.48146004e-01 
  3.47208389e-01 
  3.46270428e-01 
  3.45332120e-01 
  3.44393467e-01 
  3.43454470e-01 
  3.42515129e-01 
  3.41575446e-01 
  3.40635421e-01 
  3.39695055e-01 
  3.38754350e-01 
  3.37813305e-01 
  3.36871924e-01 
  3.35930205e-01 
  3.34988150e-01 
  3.34045760e-01 
  3.33103037e-01 
  3.32159980e-01 
  3.31216591e-01 
  3.30272871e-01 
  3.29328820e-01 
  3.28384440e-01 
  3.27439732e-01 
  3.26494697e-01 
  3.25549335e-01 
  3.24603647e-01 
  3.23657635e-01 
  3.22711299e-01 
  3.21764640e-01 
  3.20817660e-01 
  3.19870358e-01 
  3.18922737e-01 
  3.17974797e-01 
  3.17026539e-01 
  3.16077964e-01 
  3.15129073e-01 
  3.14179867e-01 
  3.13230346e-01 
  3.12280513e-01 
  3.11330367e-01 
  3.10379910e-01 
  3.09429142e-01 
  3.08478065e-01 
  3.07526679e-01 
  3.06574986e-01 
  3.05622987e-01 
  3.04670681e-01 
  3.03718072e-01 
  3.02765158e-01 
  3.01811941e-01 
  3.00858423e-01 
  2.99904604e-01 
  2.98950485e-01 
  2.97996067e-01 
  2.97041351e-01 
  2.96086338e-01 
  2.95131029e-01 
  2.94175425e-01 
  2.93219527e-01 
  2.92263335e-01 
  2.91306851e-01 
  2.90350076e-01 
  2.89393011e-01 
  2.88435656e-01 
  2.87478012e-01 
  2.86520082e-01 
  2.85561864e-01 
  2.84603361e-01 
  2.83644574e-01 
  2.82685503e-01 
  2.81726149e-01 
  2.80766513e-01 
  2.79806597e-01 
  2.78846401e-01 
  2.77885926e-01 
  2.76925173e-01 
  2.75964143e-01 
  2.75002837e-01 
  2.74041257e-01 
  2.73079402e-01 
  2.72117274e-01 
  2.71154874e-01 
  2.70192203e-01 
  2.69229262e-01 
  2.68266051e-01 
  2.67302572e-01 
  2.66338826e-01 
  2.65374813e-01 
  2.64410536e-01 
  2.63445993e-01 
  2.62481188e-01 
  2.61516119e-01 
  2.60550790e-01 
  2.59585200e-01 
  2.58619350e-01 
  2.57653241e-01 
  2.56686875e-01 
  2.55720252e-01 
  2.54753374e-01 
  2.53786240e-01 
  2.52818853e-01 
  2.51851214e-01 
  2.50883322e-01 
  2.49915179e-01 
  2.48946787e-01 
  2.47978145e-01 
  2.47009256e-01 
  2.46040119e-01 
  2.45070737e-01 
  2.44101109e-01 
  2.43131238e-01 
  2.42161123e-01 
  2.41190766e-01 
  2.40220168e-01 
  2.39249329e-01 
  2.38278252e-01 
  2.37306936e-01 
  2.36335382e-01 
  2.35363593e-01 
  2.34391568e-01 
  2.33419309e-01 
  2.32446816e-01 
  2.31474091e-01 
  2.30501134e-01 
  2.29527947e-01 
  2.28554530e-01 
  2.27580885e-01 
  2.26607012e-01 
  2.25632913e-01 
  2.24658588e-01 
  2.23684038e-01 
  2.22709265e-01 
  2.21734269e-01 
  2.20759051e-01 
  2.19783612e-01 
  2.18807954e-01 
  2.17832077e-01 
  2.16855982e-01 
  2.15879670e-01 
  2.14903142e-01 
  2.13926399e-01 
  2.12949443e-01 
  2.11972273e-01 
  2.10994892e-01 
  2.10017299e-01 
  2.09039497e-01 
  2.08061485e-01 
  2.07083266e-01 
  2.06104839e-01 
  2.05126206e-01 
  2.04147368e-01 
  2.03168326e-01 
  2.02189081e-01 
  2.01209633e-01 
  2.00229985e-01 
  1.99250136e-01 
  1.98270088e-01 
  1.97289841e-01 
  1.96309398e-01 
  1.95328758e-01 
  1.94347922e-01 
  1.93366893e-01 
  1.92385670e-01 
  1.91404254e-01 
  1.90422647e-01 
  1.89440850e-01 
  1.88458863e-01 
  1.87476688e-01 
  1.86494326e-01 
  1.85511777e-01 
  1.84529042e-01 
  1.83546123e-01 
  1.82563020e-01 
  1.81579735e-01 
  1.80596268e-01 
  1.79612620e-01 
  1.78628793e-01 
  1.77644788e-01 
  1.76660604e-01 
  1.75676244e-01 
  1.74691709e-01 
  1.73706998e-01 
  1.72722114e-01 
  1.71737057e-01 
  1.70751829e-01 
  1.69766430e-01 
  1.68780861e-01 
  1.67795123e-01 
  1.66809217e-01 
  1.65823145e-01 
  1.64836906e-01 
  1.63850503e-01 
  1.62863936e-01 
  1.61877207e-01 
  1.60890315e-01 
  1.59903262e-01 
  1.58916050e-01 
  1.57928679e-01 
  1.56941149e-01 
  1.55953463e-01 
  1.54965621e-01 
  1.53977624e-01 
  1.52989472e-01 
  1.52001168e-01 
  1.51012712e-01 
  1.50024105e-01 
  1.49035348e-01 
  1.48046442e-01 
  1.47057387e-01 
  1.46068186e-01 
  1.45078839e-01 
  1.44089346e-01 
  1.43099709e-01 
  1.42109930e-01 
  1.41120008e-01 
  1.40129945e-01 
  1.39139742e-01 
  1.38149400e-01 
  1.37158920e-01 
  1.36168302e-01 
  1.35177549e-01 
  1.34186660e-01 
  1.33195637e-01 
  1.32204481e-01 
  1.31213192e-01 
  1.30221773e-01 
  1.29230223e-01 
  1.28238544e-01 
  1.27246736e-01 
  1.26254802e-01 
  1.25262741e-01 
  1.24270555e-01 
  1.23278245e-01 
  1.22285811e-01 
  1.21293255e-01 
  1.20300578e-01 
  1.19307780e-01 
  1.18314864e-01 
  1.17321828e-01 
  1.16328676e-01 
  1.15335407e-01 
  1.14342023e-01 
  1.13348525e-01 
  1.12354913e-01 
  1.11361189e-01 
  1.10367353e-01 
  1.09373407e-01 
  1.08379352e-01 
  1.07385188e-01 
  1.06390917e-01 
  1.05396540e-01 
  1.04402057e-01 
  1.03407470e-01 
  1.02412779e-01 
  1.01417986e-01 
  1.00423092e-01 
  9.94280970e-02 
  9.84330027e-02 
  9.74378100e-02 
  9.64425198e-02 
  9.54471332e-02 
  9.44516511e-02 
  9.34560746e-02 
  9.24604047e-02 
  9.14646422e-02 
  9.04687883e-02 
  8.94728440e-02 
  8.84768102e-02 
  8.74806878e-02 
  8.64844781e-02 
  8.54881818e-02 
  8.44918000e-02 
  8.34953338e-02 
  8.24987840e-02 
  8.15021518e-02 
  8.05054380e-02 
  7.95086438e-02 
  7.85117700e-02 
  7.75148177e-02 
  7.65177879e-02 
  7.55206816e-02 
  7.45234998e-02 
  7.35262434e-02 
  7.25289136e-02 
  7.15315111e-02 
  7.05340372e-02 
  6.95364927e-02 
  6.85388787e-02 
  6.75411962e-02 
  6.65434461e-02 
  6.55456294e-02 
  6.45477473e-02 
  6.35498005e-02 
  6.25517903e-02 
  6.15537174e-02 
  6.05555830e-02 
  5.95573881e-02 
  5.85591336e-02 
  5.75608206e-02 
  5.65624499e-02 
  5.55640228e-02 
  5.45655400e-02 
  5.35670027e-02 
  5.25684118e-02 
  5.15697684e-02 
  5.05710734e-02 
  4.95723278e-02 
  4.85735326e-02 
  4.75746889e-02 
  4.65757976e-02 
  4.55768597e-02 
  4.45778763e-02 
  4.35788482e-02 
  4.25797766e-02 
  4.15806624e-02 
  4.05815067e-02 
  3.95823103e-02 
  3.85830744e-02 
  3.75837998e-02 
  3.65844877e-02 
  3.55851391e-02 
  3.45857548e-02 
  3.35863359e-02 
  3.25868835e-02 
  3.15873984e-02 
  3.05878818e-02 
  2.95883346e-02 
  2.85887578e-02 
  2.75891524e-02 
  2.65895195e-02 
  2.55898599e-02 
  2.45901747e-02 
  2.35904650e-02 
  2.25907317e-02 
  2.15909757e-02 
  2.05911982e-02 
  1.95914001e-02 
  1.85915824e-02 
  1.75917461e-02 
  1.65918922e-02 
  1.55920218e-02 
  1.45921357e-02 
  1.35922350e-02 
  1.25923208e-02 
  1.15923939e-02 
  1.05924555e-02 
  9.59250647e-03 
  8.59254785e-03 
  7.59258064e-03 
  6.59260584e-03 
  5.59262444e-03 
  4.59263745e-03 
  3.59264586e-03 
  2.59265069e-03 
  1.59265292e-03 
  5.92653557e-04 
  -4.07346397e-04 
  -1.40734594e-03 
  -2.40734408e-03 
  -3.40733982e-03 
  -4.40733214e-03 
  -5.40732006e-03 
  -6.40730257e-03 
  -7.40727867e-03 
  -8.40724737e-03 
  -9.40720765e-03 
  -1.04071585e-02 
  -1.14070990e-02 
  -1.24070281e-02 
  -1.34069447e-02 
  -1.44068480e-02 
  -1.54067368e-02 
  -1.64066103e-02 
  -1.74064673e-02 
  -1.84063069e-02 
  -1.94061282e-02 
  -2.04059300e-02 
  -2.14057114e-02 
  -2.24054714e-02 
  -2.34052090e-02 
  -2.44049232e-02 
  -2.54046129e-02 
  -2.64042773e-02 
  -2.74039153e-02 
  -2.84035259e-02 
  -2.94031081e-02 
  -3.04026608e-02 
  -3.14021832e-02 
  -3.24016741e-02 
  -3.34011327e-02 
  -3.44005579e-02 
  -3.53999486e-02 
  -3.63993040e-02 
  -3.73986229e-02 
  -3.83979045e-02 
  -3.93971477e-02 
  -4.03963514e-02 
  -4.13955148e-02 
  -4.23946368e-02 
  -4.33937164e-02 
  -4.43927525e-02 
  -4.53917443e-02 
  -4.63906907e-02 
  -4.73895907e-02 
  -4.83884434e-02 
  -4.93872476e-02 
  -5.03860024e-02 
  -5.13847069e-02 
  -5.23833600e-02 
  -5.33819607e-02 
  -5.43805080e-02 
  -5.53790009e-02 
  -5.63774385e-02 
  -5.73758196e-02 
  -5.83741434e-02 
  -5.93724088e-02 
  -6.03706149e-02 
  -6.13687606e-02 
  -6.23668449e-02 
  -6.33648668e-02 
  -6.43628254e-02 
  -6.53607196e-02 
  -6.63585485e-02 
  -6.73563110e-02 
  -6.83540061e-02 
  -6.93516329e-02 
  -7.03491903e-02 
  -7.13466774e-02 
  -7.23440932e-02 
  -7.33414366e-02 
  -7.43387066e-02 
  -7.53359023e-02 
  -7.63330227e-02 
  -7.73300668e-02 
  -7.83270335e-02 
  -7.93239219e-02 
  -8.03207309e-02 
  -8.13174597e-02 
  -8.23141071e-02 
  -8.33106722e-02 
  -8.43071540e-02 
  -8.53035515e-02 
  -8.62998637e-02 
  -8.72960896e-02 
  -8.82922282e-02 
  -8.92882785e-02 
  -9.02842395e-02 
  -9.12801102e-02 
  -9.22758897e-02 
  -9.32715769e-02 
  -9.42671708e-02 
  -9.52626704e-02 
  -9.62580748e-02 
  -9.72533829e-02 
  -9.82485937e-02 
  -9.92437064e-02 
  -1.00238720e-01 
  -1.01233633e-01 
  -1.02228445e-01 
  -1.03223154e-01 
  -1.04217761e-01 
  -1.05212263e-01 
  -1.06206660e-01 
  -1.07200951e-01 
  -1.08195135e-01 
  -1.09189210e-01 
  -1.10183176e-01 
  -1.11177032e-01 
  -1.12170777e-01 
  -1.13164410e-01 
  -1.14157929e-01 
  -1.15151335e-01 
  -1.16144625e-01 
  -1.17137799e-01 
  -1.18130856e-01 
  -1.19123795e-01 
  -1.20116614e-01 
  -1.21109314e-01 
  -1.22101892e-01 
  -1.23094349e-01 
  -1.24086682e-01 
  -1.25078891e-01 
  -1.26070975e-01 
  -1.27062933e-01 
  -1.28054764e-01 
  -1.29046467e-01 
  -1.30038041e-01 
  -1.31029485e-01 
  -1.32020798e-01 
  -1.33011978e-01 
  -1.34003026e-01 
  -1.34993940e-01 
  -1.35984719e-01 
  -1.36975361e-01 
  -1.37965867e-01 
  -1.38956235e-01 
  -1.39946464e-01 
  -1.40936553e-01 
  -1.41926501e-01 
  -1.42916307e-01 
  -1.43905970e-01 
  -1.44895489e-01 
  -1.45884864e-01 
  -1.46874092e-01 
  -1.47863174e-01 
  -1.48852108e-01 
  -1.49840892e-01 
  -1.50829527e-01 
  -1.51818012e-01 
  -1.52806344e-01 
  -1.53794524e-01 
  -1.54782549e-01 
  -1.55770420e-01 
  -1.56758136e-01 
  -1.57745694e-01 
  -1.58733095e-01 
  -1.59720337e-01 
  -1.60707419e-01 
  -1.61694341e-01 
  -1.62681101e-01 
  -1.63667698e-01 
  -1.64654131e-01 
  -1.65640400e-01 
  -1.66626503e-01 
  -1.67612440e-01 
  -1.68598209e-01 
  -1.69583809e-01 
  -1.70569240e-01 
  -1.71554500e-01 
  -1.72539589e-01 
  -1.73524505e-01 
  -1.74509248e-01 
  -1.75493816e-01 
  -1.76478209e-01 
  -1.77462425e-01 
  -1.78446464e-01 
  -1.79430324e-01 
  -1.80414005e-01 
  -1.81397505e-01 
  -1.82380824e-01 
  -1.83363961e-01 
  -1.84346914e-01 
  -1.85329683e-01 
  -1.86312266e-01 
  -1.87294664e-01 
  -1.88276874e-01 
  -1.89258895e-01 
  -1.90240728e-01 
  -1.91222370e-01 
  -1.92203821e-01 
  -1.93185080e-01 
  -1.94166145e-01 
  -1.95147017e-01 
  -1.96127693e-01 
  -1.97108173e-01 
  -1.98088456e-01 
  -1.99068541e-01 
  -2.00048427e-01 
  -2.01028113e-01 
  -2.02007597e-01 
  -2.02986880e-01 
  -2.03965960e-01 
  -2.04944836e-01 
  -2.05923507e-01 
  -2.06901972e-01 
  -2.07880230e-01 
  -2.08858280e-01 
  -2.09836121e-01 
  -2.10813753e-01 
  -2.11791173e-01 
  -2.12768382e-01 
  -2.13745378e-01 
  -2.14722161e-01 
  -2.15698728e-01 
  -2.16675080e-01 
  -2.17651216e-01 
  -2.18627133e-01 
  -2.19602832e-01 
  -2.20578312e-01 
  -2.21553570e-01 
  -2.22528608e-01 
  -2.23503422e-01 
  -2.24478014e-01 
  -2.25452380e-01 
  -2.26426522e-01 
  -2.27400437e-01 
  -2.28374124e-01 
  -2.29347583e-01 
  -2.30320813e-01 
  -2.31293812e-01 
  -2.32266581e-01 
  -2.33239116e-01 
  -2.34211419e-01 
  -2.35183487e-01 
  -2.36155321e-01 
  -2.37126918e-01 
  -2.38098278e-01 
  -2.39069400e-01 
  -2.40040282e-01 
  -2.41010925e-01 
  -2.41981327e-01 
  -2.42951487e-01 
  -2.43921403e-01 
  -2.44891076e-01 
  -2.45860504e-01 
  -2.46829686e-01 
  -2.47798622e-01 
  -2.48767309e-01 
  -2.49735748e-01 
  -2.50703937e-01 
  -2.51671875e-01 
  -2.52639562e-01 
  -2.53606996e-01 
  -2.54574176e-01 
  -2.55541102e-01 
  -2.56507772e-01 
  -2.57474186e-01 
  -2.58440342e-01 
  -2.59406240e-01 
  -2.60371879e-01 
  -2.61337257e-01 
  -2.62302373e-01 
  -2.63267228e-01 
  -2.64231819e-01 
  -2.65196146e-01 
  -2.66160208e-01 
  -2.67124003e-01 
  -2.68087532e-01 
  -2.69050792e-01 
  -2.70013783e-01 
  -2.70976505e-01 
  -2.71938955e-01 
  -2.72901133e-01 
  -2.73863039e-01 
  -2.74824670e-01 
  -2.75786027e-01 
  -2.76747108e-01 
  -2.77707912e-01 
  -2.78668439e-01 
  -2.79628687e-01 
  -2.80588655e-01 
  -2.81548343e-01 
  -2.82507749e-01 
  -2.83466872e-01 
  -2.84425713e-01 
  -2.85384268e-01 
  -2.86342539e-01 
  -2.87300523e-01 
  -2.88258219e-01 
  -2.89215628e-01 
  -2.90172747e-01 
  -2.91129576e-01 
  -2.92086114e-01 
  -2.93042360e-01 
  -2.93998312e-01 
  -2.94953971e-01 
  -2.95909335e-01 
  -2.96864403e-01 
  -2.97819174e-01 
  -2.98773647e-01 
  -2.99727822e-01 
  -3.00681696e-01 
  -3.01635270e-01 
  -3.02588543e-01 
  -3.03541513e-01 
  -3.04494179e-01 
  -3.05446541e-01 
  -3.06398597e-01 
  -3.07350347e-01 
  -3.08301790e-01 
  -3.09252924e-01 
  -3.10203749e-01 
  -3.11154264e-01 
  -3.12104468e-01 
  -3.13054359e-01 
  -3.14003938e-01 
  -3.14953202e-01 
  -3.15902152e-01 
  -3.16850785e-01 
  -3.17799102e-01 
  -3.18747101e-01 
  -3.19694781e-01 
  -3.20642142e-01 
  -3.21589182e-01 
  -3.22535900e-01 
  -3.23482296e-01 
  -3.24428368e-01 
  -3.25374116e-01 
  -3.26319539e-01 
  -3.27264635e-01 
  -3.28209404e-01 
  -3.29153845e-01 
  -3.30097956e-01 
  -3.31041738e-01 
  -3.31985188e-01 
  -3.32928307e-01 
  -3.33871092e-01 
  -3.34813544e-01 
  -3.35755661e-01 
  -3.36697442e-01 
  -3.37638886e-01 
  -3.38579993e-01 
  -3.39520761e-01 
  -3.40461190e-01 
  -3.41401278e-01 
  -3.42341025e-01 
  -3.43280429e-01 
  -3.44219490e-01 
  -3.45158207e-01 
  -3.46096579e-01 
  -3.47034605e-01 
  -3.47972283e-01 
  -3.48909614e-01 
  -3.49846596e-01 
  -3.50783228e-01 
  -3.51719509e-01 
  -3.52655438e-01 
  -3.53591015e-01 
  -3.54526238e-01 
  -3.55461107e-01 
  -3.56395620e-01 
  -3.57329777e-01 
  -3.58263576e-01 
  -3.59197017e-01 
  -3.60130099e-01 
  -3.61062821e-01 
  -3.61995182e-01 
  -3.62927181e-01 
  -3.63858817e-01 
  -3.64790089e-01 
  -3.65720996e-01 
  -3.66651538e-01 
  -3.67581712e-01 
  -3.68511520e-01 
  -3.69440959e-01 
  -3.70370028e-01 
  -3.71298727e-01 
  -3.72227054e-01 
  -3.73155010e-01 
  -3.74082592e-01 
  -3.75009800e-01 
  -3.75936634e-01 
  -3.76863091e-01 
  -3.77789171e-01 
  -3.78714874e-01 
  -3.79640198e-01 
  -3.80565142e-01 
  -3.81489706e-01 
  -3.82413888e-01 
  -3.83337688e-01 
  -3.84261104e-01 
  -3.85184136e-01 
  -3.86106783e-01 
  -3.87029044e-01 
  -3.87950918e-01 
  -3.88872404e-01 
  -3.89793501e-01 
  -3.90714208e-01 
  -3.91634525e-01 
  -3.92554450e-01 
  -3.93473982e-01 
  -3.94393121e-01 
  -3.95311865e-01 
  -3.96230214e-01 
  -3.97148167e-01 
  -3.98065723e-01 
  -3.98982881e-01 
  -3.99899640e-01 
  -4.00815998e-01 
  -4.01731956e-01 
  -4.02647513e-01 
  -4.03562666e-01 
  -4.04477416e-01 
  -4.05391762e-01 
  -4.06305702e-01 
  -4.07219236e-01 
  -4.08132363e-01 
  -4.09045081e-01 
  -4.09957391e-01 
  -4.10869290e-01 
  -4.11780779e-01 
  -4.12691856e-01 
  -4.13602520e-01 
  -4.14512771e-01 
  -4.15422607e-01 
  -4.16332027e-01 
  -4.17241032e-01 
  -4.18149619e-01 
  -4.19057788e-01 
  -4.19965538e-01 
  -4.20872868e-01 
  -4.21779777e-01 
  -4.22686264e-01 
  -4.23592328e-01 
  -4.24497969e-01 
  -4.25403186e-01 
  -4.26307977e-01 
  -4.27212342e-01 
  -4.28116279e-01 
  -4.29019789e-01 
  -4.29922869e-01 
  -4.30825520e-01 
  -4.31727739e-01 
  -4.32629527e-01 
  -4.33530883e-01 
  -4.34431805e-01 
  -4.35332292e-01 
  -4.36232344e-01 
  -4.37131960e-01 
  -4.38031138e-01 
  -4.38929879e-01 
  -4.39828181e-01 
  -4.40726043e-01 
  -4.41623464e-01 
  -4.42520443e-01 
  -4.43416980e-01 
  -4.44313074e-01 
  -4.45208723e-01 
  -4.46103927e-01 
  -4.46998685e-01 
  -4.47892996e-01 
  -4.48786859e-01 
  -4.49680274e-01 
  -4.50573238e-01 
  -4.51465752e-01 
  -4.52357815e-01 
  -4.53249425e-01 
  -4.54140582e-01 
  -4.55031285e-01 
  -4.55921532e-01 
  -4.56811324e-01 
  -4.57700659e-01 
  -4.58589537e-01 
  -4.59477956e-01 
  -4.60365915e-01 
  -4.61253414e-01 
  -4.62140451e-01 
  -4.63027027e-01 
  -4.63913139e-01 
  -4.64798788e-01 
  -4.65683972e-01 
  -4.66568690e-01 
  -4.67452941e-01 
  -4.68336726e-01 
  -4.69220041e-01 
  -4.70102888e-01 
  -4.70985264e-01 
  -4.71867170e-01 
  -4.72748603e-01 
  -4.73629564e-01 
  -4.74510051e-01 
  -4.75390064e-01 
  -4.76269601e-01 
  -4.77148662e-01 
  -4.78027246e-01 
  -4.78905352e-01 
  -4.79782979e-01 
  -4.80660126e-01 
  -4.81536793e-01 
  -4.82412978e-01 
  -4.83288680e-01 
  -4.84163899e-01 
  -4.85038634e-01 
  -4.85912885e-01 
  -4.86786649e-01 
  -4.87659926e-01 
  -4.88532716e-01 
  -4.89405017e-01 
  -4.90276829e-01 
  -4.91148150e-01 
  -4.92018980e-01 
  -4.92889319e-01 
  -4.93759164e-01 
  -4.94628516e-01 
  -4.95497373e-01 
  -4.96365734e-01 
  -4.97233600e-01 
  -4.98100968e-01 
  -4.98967837e-01 
  -4.99834208e-01 
  -5.00700079e-01 
  -5.01565450e-01 
  -5.02430318e-01 
  -5.03294685e-01 
  -5.04158548e-01 
  -5.05021907e-01 
  -5.05884761e-01 
  -5.06747109e-01 
  -5.07608950e-01 
  -5.08470283e-01 
  -5.09331109e-01 
  -5.10191424e-01 
  -5.11051230e-01 
  -5.11910525e-01 
  -5.12769307e-01 
  -5.13627577e-01 
  -5.14485334e-01 
  -5.15342575e-01 
  -5.16199302e-01 
  -5.17055512e-01 
  -5.17911205e-01 
  -5.18766381e-01 
  -5.19621037e-01 
  -5.20475174e-01 
  -5.21328790e-01 
  -5.22181885e-01 
  -5.23034458e-01 
  -5.23886508e-01 
  -5.24738034e-01 
  -5.25589035e-01 
  -5.26439511e-01 
  -5.27289460e-01 
  -5.28138882e-01 
  -5.28987776e-01 
  -5.29836141e-01 
  -5.30683976e-01 
  -5.31531280e-01 
  -5.32378053e-01 
  -5.33224293e-01 
  -5.34070000e-01 
  -5.34915174e-01 
  -5.35759812e-01 
  -5.36603914e-01 
  -5.37447480e-01 
  -5.38290508e-01 
  -5.39132998e-01 
  -5.39974949e-01 
  -5.40816360e-01 
  -5.41657230e-01 
  -5.42497559e-01 
  -5.43337345e-01 
  -5.44176588e-01 
  -5.45015286e-01 
  -5.45853439e-01 
  -5.46691047e-01 
  -5.47528108e-01 
  -5.48364621e-01 
  -5.49200586e-01 
  -5.50036002e-01 
  -5.50870868e-01 
  -5.51705183e-01 
  -5.52538946e-01 
  -5.53372157e-01 
  -5.54204814e-01 
  -5.55036917e-01 
  -5.55868465e-01 
  -5.56699457e-01 
  -5.57529893e-01 
  -5.58359771e-01 
  -5.59189090e-01 
  -5.60017851e-01 
  -5.60846051e-01 
  -5.61673691e-01 
  -5.62500769e-01 
  -5.63327284e-01 
  -5.64153236e-01 
  -5.64978624e-01 
  -5.65803447e-01 
  -5.66627704e-01 
  -5.67451395e-01 
  -5.68274518e-01 
  -5.69097072e-01 
  -5.69919058e-01 
  -5.70740474e-01 
  -5.71561319e-01 
  -5.72381592e-01 
  -5.73201293e-01 
  -5.74020421e-01 
  -5.74838975e-01 
  -5.75656954e-01 
  -5.76474357e-01 
  -5.77291184e-01 
  -5.78107434e-01 
  -5.78923105e-01 
  -5.79738198e-01 
  -5.80552711e-01 
  -5.81366643e-01 
  -5.82179994e-01 
  -5.82992762e-01 
  -5.83804948e-01 
  -5.84616550e-01 
  -5.85427567e-01 
  -5.86237999e-01 
  -5.87047845e-01 
  -5.87857103e-01 
  -5.88665774e-01 
  -5.89473856e-01 
  -5.90281349e-01 
  -5.91088251e-01 
  -5.91894562e-01 
  -5.92700282e-01 
  -5.93505408e-01 
  -5.94309941e-01 
  -5.95113880e-01 
  -5.95917224e-01 
  -5.96719972e-01 
  -5.97522123e-01 
  -5.98323676e-01 
  -5.99124631e-01 
  -5.99924987e-01 
  -6.00724744e-01 
  -6.01523899e-01 
  -6.02322453e-01 
  -6.03120405e-01 
  -6.03917753e-01 
  -6.04714498e-01 
  -6.05510637e-01 
  -6.06306172e-01 
  -6.07101100e-01 
  -6.07895421e-01 
  -6.08689134e-01 
  -6.09482238e-01 
  -6.10274733e-01 
  -6.11066617e-01 
  -6.11857891e-01 
  -6.12648553e-01 
  -6.13438602e-01 
  -6.14228037e-01 
  -6.15016858e-01 
  -6.15805065e-01 
  -6.16592655e-01 
  -6.17379629e-01 
  -6.18165986e-01 
  -6.18951724e-01 
  -6.19736844e-01 
  -6.20521343e-01 
  -6.21305222e-01 
  -6.22088480e-01 
  -6.22871116e-01 
  -6.23653129e-01 
  -6.24434518e-01 
  -6.25215283e-01 
  -6.25995423e-01 
  -6.26774936e-01 
  -6.27553823e-01 
  -6.28332082e-01 
  -6.29109713e-01 
  -6.29886715e-01 
  -6.30663087e-01 
  -6.31438828e-01 
  -6.32213938e-01 
  -6.32988416e-01 
  -6.33762260e-01 
  -6.34535471e-01 
  -6.35308048e-01 
  -6.36079989e-01 
  -6.36851294e-01 
  -6.37621962e-01 
  -6.38391992e-01 
  -6.39161384e-01 
  -6.39930137e-01 
  -6.40698250e-01 
  -6.41465723e-01 
  -6.42232553e-01 
  -6.42998742e-01 
  -6.43764288e-01 
  -6.44529189e-01 
  -6.45293447e-01 
  -6.46057059e-01 
  -6.46820025e-01 
  -6.47582344e-01 
  -6.48344015e-01 
  -6.49105039e-01 
  -6.49865413e-01 
  -6.50625137e-01 
  -6.51384211e-01 
  -6.52142633e-01 
  -6.52900403e-01 
  -6.53657520e-01 
  -6.54413984e-01 
  -6.55169793e-01 
  -6.55924947e-01 
  -6.56679445e-01 
  -6.57433286e-01 
  -6.58186470e-01 
  -6.58938996e-01 
  -6.59690863e-01 
  -6.60442070e-01 
  -6.61192616e-01 
  -6.61942502e-01 
  -6.62691725e-01 
  -6.63440286e-01 
  -6.64188184e-01 
  -6.64935417e-01 
  -6.65681985e-01 
  -6.66427888e-01 
  -6.67173124e-01 
  -6.67917693e-01 
  -6.68661594e-01 
  -6.69404826e-01 
  -6.70147389e-01 
  -6.70889282e-01 
  -6.71630504e-01 
  -6.72371054e-01 
  -6.73110932e-01 
  -6.73850137e-01 
  -6.74588668e-01 
  -6.75326525e-01 
  -6.76063706e-01 
  -6.76800211e-01 
  -6.77536039e-01 
  -6.78271190e-01 
  -6.79005662e-01 
  -6.79739455e-01 
  -6.80472569e-01 
  -6.81205002e-01 
  -6.81936754e-01 
  -6.82667824e-01 
  -6.83398212e-01 
  -6.84127916e-01 
  -6.84856936e-01 
  -6.85585271e-01 
  -6.86312920e-01 
  -6.87039883e-01 
  -6.87766159e-01 
  -6.88491747e-01 
  -6.89216647e-01 
  -6.89940858e-01 
  -6.90664379e-01 
  -6.91387209e-01 
  -6.92109347e-01 
  -6.92830794e-01 
  -6.93551547e-01 
  -6.94271607e-01 
  -6.94990973e-01 
  -6.95709644e-01 
  -6.96427619e-01 
  -6.97144898e-01 
  -6.97861479e-01 
  -6.98577363e-01 
  -6.99292548e-01 
  -7.00007034e-01 
  -7.00720820e-01 
  -7.01433905e-01 
  -7.02146289e-01 
  -7.02857970e-01 
  -7.03568949e-01 
  -7.04279224e-01 
  -7.04988795e-01 
  -7.05697661e-01 
  -7.06405821e-01 
  -7.07113275e-01 
  -7.07820021e-01 
  -7.08526060e-01 
  -7.09231390e-01 
  -7.09936011e-01 
  -7.10639922e-01 
  -7.11343123e-01 
  -7.12045612e-01 
  -7.12747389e-01 
  -7.13448453e-01 
  -7.14148804e-01 
  -7.14848441e-01 
  -7.15547363e-01 
  -7.16245569e-01 
  -7.16943059e-01 
  -7.17639832e-01 
  -7.18335888e-01 
  -7.19031225e-01 
  -7.19725843e-01 
  -7.20419742e-01 
  -7.21112920e-01 
  -7.21805376e-01 
  -7.22497112e-01 
  -7.23188124e-01 
  -7.23878413e-01 
  -7.24567979e-01 
  -7.25256820e-01 
  -7.25944936e-01 
  -7.26632325e-01 
  -7.27318988e-01 
  -7.28004924e-01 
  -7.28690132e-01 
  -7.29374611e-01 
  -7.30058361e-01 
  -7.30741380e-01 
  -7.31423669e-01 
  -7.32105227e-01 
  -7.32786052e-01 
  -7.33466145e-01 
  -7.34145504e-01 
  -7.34824129e-01 
  -7.35502019e-01 
  -7.36179174e-01 
  -7.36855592e-01 
  -7.37531274e-01 
  -7.38206218e-01 
  -7.38880424e-01 
  -7.39553891e-01 
  -7.40226618e-01 
  -7.40898606e-01 
  -7.41569852e-01 
  -7.42240357e-01 
  -7.42910119e-01 
  -7.43579139e-01 
  -7.44247415e-01 
  -7.44914947e-01 
  -7.45581734e-01 
  -7.46247775e-01 
  -7.46913070e-01 
  -7.47577618e-01 
  -7.48241419e-01 
  -7.48904471e-01 
  -7.49566774e-01 
  -7.50228328e-01 
  -7.50889132e-01 
  -7.51549185e-01 
  -7.52208486e-01 
  -7.52867035e-01 
  -7.53524831e-01 
  -7.54181873e-01 
  -7.54838162e-01 
  -7.55493695e-01 
  -7.56148473e-01 
  -7.56802495e-01 
  -7.57455760e-01 
  -7.58108268e-01 
  -7.58760018e-01 
  -7.59411008e-01 
  -7.60061240e-01 
  -7.60710711e-01 
  -7.61359422e-01 
  -7.62007371e-01 
  -7.62654558e-01 
  -7.63300983e-01 
  -7.63946644e-01 
  -7.64591541e-01 
  -7.65235674e-01 
  -7.65879042e-01 
  -7.66521643e-01 
  -7.67163478e-01 
  -7.67804546e-01 
  -7.68444846e-01 
  -7.69084378e-01 
  -7.69723141e-01 
  -7.70361134e-01 
  -7.70998356e-01 
  -7.71634808e-01 
  -7.72270488e-01 
  -7.72905395e-01 
  -7.73539530e-01 
  -7.74172891e-01 
  -7.74805478e-01 
  -7.75437290e-01 
  -7.76068327e-01 
  -7.76698588e-01 
  -7.77328072e-01 
  -7.77956778e-01 
  -7.78584707e-01 
  -7.79211857e-01 
  -7.79838228e-01 
  -7.80463819e-01 
  -7.81088630e-01 
  -7.81712659e-01 
  -7.82335907e-01 
  -7.82958373e-01 
  -7.83580055e-01 
  -7.84200954e-01 
  -7.84821069e-01 
  -7.85440399e-01 
  -7.86058943e-01 
  -7.86676702e-01 
  -7.87293673e-01 
  -7.87909858e-01 
  -7.88525254e-01 
  -7.89139862e-01 
  -7.89753681e-01 
  -7.90366710e-01 
  -7.90978949e-01 
  -7.91590397e-01 
  -7.92201053e-01 
  -7.92810917e-01 
  -7.93419988e-01 
  -7.94028266e-01 
  -7.94635750e-01 
  -7.95242439e-01 
  -7.95848333e-01 
  -7.96453431e-01 
  -7.97057732e-01 
  -7.97661237e-01 
  -7.98263944e-01 
  -7.98865852e-01 
  -7.99466962e-01 
  -8.00067272e-01 
  -8.00666782e-01 
  -8.01265492e-01 
  -8.01863400e-01 
  -8.02460506e-01 
  -8.03056810e-01 
  -8.03652311e-01 
  -8.04247008e-01 
  -8.04840901e-01 
  -8.05433989e-01 
  -8.06026272e-01 
  -8.06617749e-01 
  -8.07208419e-01 
  -8.07798281e-01 
  -8.08387336e-01 
  -8.08975583e-01 
  -8.09563021e-01 
  -8.10149649e-01 
  -8.10735467e-01 
  -8.11320474e-01 
  -8.11904670e-01 
  -8.12488054e-01 
  -8.13070625e-01 
  -8.13652384e-01 
  -8.14233329e-01 
  -8.14813459e-01 
  -8.15392775e-01 
  -8.15971275e-01 
  -8.16548960e-01 
  -8.17125827e-01 
  -8.17701878e-01 
  -8.18277111e-01 
  -8.18851526e-01 
  -8.19425122e-01 
  -8.19997898e-01 
  -8.20569855e-01 
  -8.21140990e-01 
  -8.21711305e-01 
  -8.22280798e-01 
  -8.22849469e-01 
  -8.23417317e-01 
  -8.23984341e-01 
  -8.24550542e-01 
  -8.25115918e-01 
  -8.25680468e-01 
  -8.26244194e-01 
  -8.26807092e-01 
  -8.27369165e-01 
  -8.27930409e-01 
  -8.28490826e-01 
  -8.29050414e-01 
  -8.29609174e-01 
  -8.30167103e-01 
  -8.30724203e-01 
  -8.31280471e-01 
  -8.31835909e-01 
  -8.32390515e-01 
  -8.32944288e-01 
  -8.33497228e-01 
  -8.34049335e-01 
  -8.34600608e-01 
  -8.35151046e-01 
  -8.35700649e-01 
  -8.36249416e-01 
  -8.36797347e-01 
  -8.37344441e-01 
  -8.37890698e-01 
  -8.38436117e-01 
  -8.38980698e-01 
  -8.39524439e-01 
  -8.40067342e-01 
  -8.40609404e-01 
  -8.41150625e-01 
  -8.41691005e-01 
  -8.42230544e-01 
  -8.42769240e-01 
  -8.43307094e-01 
  -8.43844104e-01 
  -8.44380270e-01 
  -8.44915592e-01 
  -8.45450069e-01 
  -8.45983701e-01 
  -8.46516487e-01 
  -8.47048426e-01 
  -8.47579518e-01 
  -8.48109763e-01 
  -8.48639159e-01 
  -8.49167707e-01 
  -8.49695405e-01 
  -8.50222254e-01 
  -8.50748253e-01 
  -8.51273401e-01 
  -8.51797698e-01 
  -8.52321142e-01 
  -8.52843735e-01 
  -8.53365475e-01 
  -8.53886361e-01 
  -8.54406394e-01 
  -8.54925572e-01 
  -8.55443895e-01 
  -8.55961362e-01 
  -8.56477974e-01 
  -8.56993729e-01 
  -8.57508628e-01 
  -8.58022668e-01 
  -8.58535851e-01 
  -8.59048175e-01 
  -8.59559640e-01 
  -8.60070246e-01 
  -8.60579992e-01 
  -8.61088876e-01 
  -8.61596900e-01 
  -8.62104063e-01 
  -8.62610363e-01 
  -8.63115800e-01 
  -8.63620375e-01 
  -8.64124085e-01 
  -8.64626932e-01 
  -8.65128914e-01 
  -8.65630031e-01 
  -8.66130282e-01 
  -8.66629667e-01 
  -8.67128186e-01 
  -8.67625837e-01 
  -8.68122621e-01 
  -8.68618537e-01 
  -8.69113584e-01 
  -8.69607762e-01 
  -8.70101070e-01 
  -8.70593508e-01 
  -8.71085076e-01 
  -8.71575772e-01 
  -8.72065597e-01 
  -8.72554550e-01 
  -8.73042631e-01 
  -8.73529838e-01 
  -8.74016172e-01 
  -8.74501631e-01 
  -8.74986217e-01 
  -8.75469927e-01 
  -8.75952762e-01 
  -8.76434720e-01 
  -8.76915803e-01 
  -8.77396008e-01 
  -8.77875336e-01 
  -8.78353787e-01 
  -8.78831359e-01 
  -8.79308052e-01 
  -8.79783865e-01 
  -8.80258799e-01 
  -8.80732853e-01 
  -8.81206026e-01 
  -8.81678318e-01 
  -8.82149728e-01 
  -8.82620256e-01 
  -8.83089901e-01 
  -8.83558663e-01 
  -8.84026542e-01 
  -8.84493536e-01 
  -8.84959646e-01 
  -8.85424872e-01 
  -8.85889211e-01 
  -8.86352665e-01 
  -8.86815233e-01 
  -8.87276913e-01 
  -8.87737707e-01 
  -8.88197612e-01 
  -8.88656630e-01 
  -8.89114759e-01 
  -8.89571998e-01 
  -8.90028348e-01 
  -8.90483809e-01 
  -8.90938378e-01 
  -8.91392057e-01 
  -8.91844844e-01 
  -8.92296740e-01 
  -8.92747743e-01 
  -8.93197853e-01 
  -8.93647070e-01 
  -8.94095394e-01 
  -8.94542823e-01 
  -8.94989358e-01 
  -8.95434998e-01 
  -8.95879743e-01 
  -8.96323591e-01 
  -8.96766544e-01 
  -8.97208599e-01 
  -8.97649757e-01 
  -8.98090018e-01 
  -8.98529381e-01 
  -8.98967845e-01 
  -8.99405410e-01 
  -8.99842075e-01 
  -9.00277841e-01 
  -9.00712707e-01 
  -9.01146672e-01 
  -9.01579735e-01 
  -9.02011897e-01 
  -9.02443157e-01 
  -9.02873515e-01 
  -9.03302970e-01 
  -9.03731521e-01 
  -9.04159169e-01 
  -9.04585913e-01 
  -9.05011752e-01 
  -9.05436686e-01 
  -9.05860714e-01 
  -9.06283837e-01 
  -9.06706053e-01 
  -9.07127363e-01 
  -9.07547766e-01 
  -9.07967261e-01 
  -9.08385848e-01 
  -9.08803526e-01 
  -9.09220296e-01 
  -9.09636157e-01 
  -9.10051108e-01 
  -9.10465149e-01 
  -9.10878279e-01 
  -9.11290499e-01 
  -9.11701807e-01 
  -9.12112204e-01 
  -9.12521688e-01 
  -9.12930260e-01 
  -9.13337919e-01 
  -9.13744665e-01 
  -9.14150497e-01 
  -9.14555415e-01 
  -9.14959418e-01 
  -9.15362507e-01 
  -9.15764680e-01 
  -9.16165937e-01 
  -9.16566278e-01 
  -9.16965702e-01 
  -9.17364210e-01 
  -9.17761800e-01 
  -9.18158472e-01 
  -9.18554226e-01 
  -9.18949062e-01 
  -9.19342979e-01 
  -9.19735976e-01 
  -9.20128054e-01 
  -9.20519211e-01 
  -9.20909448e-01 
  -9.21298764e-01 
  -9.21687159e-01 
  -9.22074632e-01 
  -9.22461183e-01 
  -9.22846812e-01 
  -9.23231517e-01 
  -9.23615300e-01 
  -9.23998159e-01 
  -9.24380094e-01 
  -9.24761104e-01 
  -9.25141190e-01 
  -9.25520350e-01 
  -9.25898585e-01 
  -9.26275895e-01 
  -9.26652277e-01 
  -9.27027734e-01 
  -9.27402263e-01 
  -9.27775865e-01 
  -9.28148539e-01 
  -9.28520285e-01 
  -9.28891102e-01 
  -9.29260990e-01 
  -9.29629950e-01 
  -9.29997979e-01 
  -9.30365079e-01 
  -9.30731248e-01 
  -9.31096486e-01 
  -9.31460794e-01 
  -9.31824170e-01 
  -9.32186614e-01 
  -9.32548126e-01 
  -9.32908705e-01 
  -9.33268351e-01 
  -9.33627065e-01 
  -9.33984844e-01 
  -9.34341690e-01 
  -9.34697601e-01 
  -9.35052578e-01 
  -9.35406619e-01 
  -9.35759725e-01 
  -9.36111895e-01 
  -9.36463130e-01 
  -9.36813427e-01 
  -9.37162788e-01 
  -9.37511212e-01 
  -9.37858698e-01 
  -9.38205247e-01 
  -9.38550857e-01 
  -9.38895529e-01 
  -9.39239261e-01 
  -9.39582055e-01 
  -9.39923909e-01 
  -9.40264823e-01 
  -9.40604796e-01 
  -9.40943830e-01 
  -9.41281922e-01 
  -9.41619073e-01 
  -9.41955282e-01 
  -9.42290549e-01 
  -9.42624874e-01 
  -9.42958257e-01 
  -9.43290696e-01 
  -9.43622192e-01 
  -9.43952745e-01 
  -9.44282353e-01 
  -9.44611018e-01 
  -9.44938737e-01 
  -9.45265512e-01 
  -9.45591342e-01 
  -9.45916226e-01 
  -9.46240164e-01 
  -9.46563155e-01 
  -9.46885200e-01 
  -9.47206299e-01 
  -9.47526450e-01 
  -9.47845653e-01 
  -9.48163909e-01 
  -9.48481217e-01 
  -9.48797576e-01 
  -9.49112986e-01 
  -9.49427447e-01 
  -9.49740959e-01 
  -9.50053521e-01 
  -9.50365133e-01 
  -9.50675794e-01 
  -9.50985505e-01 
  -9.51294265e-01 
  -9.51602074e-01 
  -9.51908931e-01 
  -9.52214836e-01 
  -9.52519789e-01 
  -9.52823789e-01 
  -9.53126837e-01 
  -9.53428931e-01 
  -9.53730072e-01 
  -9.54030260e-01 
  -9.54329493e-01 
  -9.54627772e-01 
  -9.54925096e-01 
  -9.55221465e-01 
  -9.55516879e-01 
  -9.55811338e-01 
  -9.56104841e-01 
  -9.56397388e-01 
  -9.56688978e-01 
  -9.56979611e-01 
  -9.57269288e-01 
  -9.57558007e-01 
  -9.57845769e-01 
  -9.58132573e-01 
  -9.58418419e-01 
  -9.58703306e-01 
  -9.58987235e-01 
  -9.59270205e-01 
  -9.59552215e-01 
  -9.59833266e-01 
  -9.60113357e-01 
  -9.60392488e-01 
  -9.60670659e-01 
  -9.60947869e-01 
  -9.61224118e-01 
  -9.61499405e-01 
  -9.61773732e-01 
  -9.62047096e-01 
  -9.62319498e-01 
  -9.62590938e-01 
  -9.62861416e-01 
  -9.63130931e-01 
  -9.63399482e-01 
  -9.63667070e-01 
  -9.63933695e-01 
  -9.64199355e-01 
  -9.64464051e-01 
  -9.64727783e-01 
  -9.64990550e-01 
  -9.65252352e-01 
  -9.65513189e-01 
  -9.65773061e-01 
  -9.66031966e-01 
  -9.66289906e-01 
  -9.66546879e-01 
  -9.66802886e-01 
  -9.67057926e-01 
  -9.67311998e-01 
  -9.67565104e-01 
  -9.67817242e-01 
  -9.68068412e-01 
  -9.68318614e-01 
  -9.68567848e-01 
  -9.68816113e-01 
  -9.69063410e-01 
  -9.69309737e-01 
  -9.69555095e-01 
  -9.69799483e-01 
  -9.70042902e-01 
  -9.70285351e-01 
  -9.70526829e-01 
  -9.70767337e-01 
  -9.71006874e-01 
  -9.71245440e-01 
  -9.71483034e-01 
  -9.71719658e-01 
  -9.71955309e-01 
  -9.72189989e-01 
  -9.72423696e-01 
  -9.72656431e-01 
  -9.72888194e-01 
  -9.73118983e-01 
  -9.73348800e-01 
  -9.73577643e-01 
  -9.73805512e-01 
  -9.74032408e-01 
  -9.74258329e-01 
  -9.74483276e-01 
  -9.74707249e-01 
  -9.74930247e-01 
  -9.75152271e-01 
  -9.75373319e-01 
  -9.75593391e-01 
  -9.75812488e-01 
  -9.76030610e-01 
  -9.76247755e-01 
  -9.76463924e-01 
  -9.76679116e-01 
  -9.76893332e-01 
  -9.77106571e-01 
  -9.77318833e-01 
  -9.77530118e-01 
  -9.77740425e-01 
  -9.77949754e-01 
  -9.78158105e-01 
  -9.78365478e-01 
  -9.78571873e-01 
  -9.78777289e-01 
  -9.78981727e-01 
  -9.79185185e-01 
  -9.79387665e-01 
  -9.79589164e-01 
  -9.79789685e-01 
  -9.79989225e-01 
  -9.80187786e-01 
  -9.80385366e-01 
  -9.80581966e-01 
  -9.80777585e-01 
  -9.80972224e-01 
  -9.81165882e-01 
  -9.81358558e-01 
  -9.81550253e-01 
  -9.81740967e-01 
  -9.81930698e-01 
  -9.82119448e-01 
  -9.82307216e-01 
  -9.82494001e-01 
  -9.82679804e-01 
  -9.82864625e-01 
  -9.83048462e-01 
  -9.83231316e-01 
  -9.83413188e-01 
  -9.83594075e-01 
  -9.83773979e-01 
  -9.83952900e-01 
  -9.84130836e-01 
  -9.84307788e-01 
  -9.84483756e-01 
  -9.84658740e-01 
  -9.84832739e-01 
  -9.85005753e-01 
  -9.85177782e-01 
  -9.85348825e-01 
  -9.85518884e-01 
  -9.85687957e-01 
  -9.85856044e-01 
  -9.86023145e-01 
  -9.86189261e-01 
  -9.86354390e-01 
  -9.86518533e-01 
  -9.86681689e-01 
  -9.86843859e-01 
  -9.87005041e-01 
  -9.87165237e-01 
  -9.87324446e-01 
  -9.87482667e-01 
  -9.87639901e-01 
  -9.87796147e-01 
  -9.87951405e-01 
  -9.88105676e-01 
  -9.88258958e-01 
  -9.88411252e-01 
  -9.88562558e-01 
  -9.88712875e-01 
  -9.88862203e-01 
  -9.89010542e-01 
  -9.89157893e-01 
  -9.89304254e-01 
  -9.89449626e-01 
  -9.89594009e-01 
  -9.89737402e-01 
  -9.89879805e-01 
  -9.90021218e-01 
  -9.90161642e-01 
  -9.90301075e-01 
  -9.90439518e-01 
  -9.90576970e-01 
  -9.90713432e-01 
  -9.90848903e-01 
  -9.90983384e-01 
  -9.91116873e-01 
  -9.91249371e-01 
  -9.91380878e-01 
  -9.91511394e-01 
  -9.91640918e-01 
  -9.91769450e-01 
  -9.91896991e-01 
  -9.92023539e-01 
  -9.92149096e-01 
  -9.92273661e-01 
  -9.92397233e-01 
  -9.92519813e-01 
  -9.92641400e-01 
  -9.92761995e-01 
  -9.92881597e-01 
  -9.93000206e-01 
  -9.93117822e-01 
  -9.93234445e-01 
  -9.93350075e-01 
  -9.93464711e-01 
  -9.93578354e-01 
  -9.93691004e-01 
  -9.93802659e-01 
  -9.93913321e-01 
  -9.94022989e-01 
  -9.94131663e-01 
  -9.94239343e-01 
  -9.94346028e-01 
  -9.94451720e-01 
  -9.94556416e-01 
  -9.94660119e-01 
  -9.94762826e-01 
  -9.94864539e-01 
  -9.94965257e-01 
  -9.95064980e-01 
  -9.95163708e-01 
  -9.95261440e-01 
  -9.95358178e-01 
  -9.95453920e-01 
  -9.95548667e-01 
  -9.95642418e-01 
  -9.95735173e-01 
  -9.95826933e-01 
  -9.95917697e-01 
  -9.96007465e-01 
  -9.96096237e-01 
  -9.96184012e-01 
  -9.96270792e-01 
  -9.96356576e-01 
  -9.96441363e-01 
  -9.96525153e-01 
  -9.96607947e-01 
  -9.96689745e-01 
  -9.96770546e-01 
  -9.96850350e-01 
  -9.96929157e-01 
  -9.97006967e-01 
  -9.97083780e-01 
  -9.97159596e-01 
  -9.97234415e-01 
  -9.97308237e-01 
  -9.97381062e-01 
  -9.97452889e-01 
  -9.97523718e-01 
  -9.97593550e-01 
  -9.97662385e-01 
  -9.97730222e-01 
  -9.97797061e-01 
  -9.97862902e-01 
  -9.97927746e-01 
  -9.97991591e-01 
  -9.98054439e-01 
  -9.98116288e-01 
  -9.98177140e-01 
  -9.98236993e-01 
  -9.98295848e-01 
  -9.98353704e-01 
  -9.98410563e-01 
  -9.98466423e-01 
  -9.98521284e-01 
  -9.98575147e-01 
  -9.98628011e-01 
  -9.98679877e-01 
  -9.98730744e-01 
  -9.98780612e-01 
  -9.98829482e-01 
  -9.98877352e-01 
  -9.98924224e-01 
  -9.98970097e-01 
  -9.99014971e-01 
  -9.99058846e-01 
  -9.99101722e-01 
  -9.99143598e-01 
  -9.99184476e-01 
  -9.99224354e-01 
  -9.99263234e-01 
  -9.99301113e-01 
  -9.99337994e-01 
  -9.99373875e-01 
  -9.99408757e-01 
  -9.99442640e-01 
  -9.99475523e-01 
  -9.99507406e-01 
  -9.99538290e-01 
  -9.99568175e-01 
  -9.99597060e-01 
  -9.99624945e-01 
  -9.99651831e-01 
  -9.99677717e-01 
  -9.99702604e-01 
  -9.99726490e-01 
  -9.99749377e-01 
  -9.99771264e-01 
  -9.99792152e-01 
  -9.99812040e-01 
  -9.99830927e-01 
  -9.99848815e-01 
  -9.99865704e-01 
  -9.99881592e-01 
  -9.99896480e-01 
  -9.99910369e-01 
  -9.99923258e-01 
  -9.99935146e-01 
  -9.99946035e-01 
  -9.99955924e-01 
  -9.99964813e-01 
  -9.99972702e-01 
  -9.99979591e-01 
  -9.99985479e-01 
  -9.99990368e-01 
  -9.99994257e-01 
  -9.99997146e-01 
  -9.99999035e-01 
  -9.99999924e-01 
  -9.99999813e-01 
  -9.99998702e-01 
  -9.99996591e-01 
  -9.99993480e-01 
  -9.99989369e-01 
  -9.99984258e-01 
  -9.99978147e-01 
  -9.99971036e-01 
  -9.99962925e-01 
  -9.99953815e-01 
  -9.99943704e-01 
  -9.99932593e-01 
  -9.99920482e-01 
  -9.99907371e-01 
  -9.99893261e-01 
  -9.99878151e-01 
  -9.99862040e-01 
  -9.99844930e-01 
  -9.99826820e-01 
  -9.99807710e-01 
  -9.99787600e-01 
  -9.99766491e-01 
  -9.99744382e-01 
  -9.99721273e-01 
  -9.99697164e-01 
  -9.99672056e-01 
  -9.99645948e-01 
  -9.99618840e-01 
  -9.99590733e-01 
  -9.99561626e-01 
  -9.99531519e-01 
  -9.99500413e-01 
  -9.99468308e-01 
  -9.99435203e-01 
  -9.99401098e-01 
  -9.99365995e-01 
  -9.99329891e-01 
  -9.99292789e-01 
  -9.99254687e-01 
  -9.99215586e-01 
  -9.99175486e-01 
  -9.99134386e-01 
  -9.99092288e-01 
  -9.99049190e-01 
  -9.99005093e-01 
  -9.98959998e-01 
  -9.98913903e-01 
  -9.98866809e-01 
  -9.98818717e-01 
  -9.98769626e-01 
  -9.98719536e-01 
  -9.98668447e-01 
  -9.98616359e-01 
  -9.98563273e-01 
  -9.98509189e-01 
  -9.98454106e-01 
  -9.98398024e-01 
  -9.98340944e-01 
  -9.98282866e-01 
  -9.98223789e-01 
  -9.98163714e-01 
  -9.98102641e-01 
  -9.98040570e-01 
  -9.97977501e-01 
  -9.97913434e-01 
  -9.97848369e-01 
  -9.97782306e-01 
  -9.97715246e-01 
  -9.97647187e-01 
  -9.97578131e-01 
  -9.97508078e-01 
  -9.97437026e-01 
  -9.97364978e-01 
  -9.97291932e-01 
  -9.97217889e-01 
  -9.97142848e-01 
  -9.97066811e-01 
  -9.96989776e-01 
  -9.96911745e-01 
  -9.96832716e-01 
  -9.96752691e-01 
  -9.96671669e-01 
  -9.96589650e-01 
  -9.96506635e-01 
  -9.96422623e-01 
  -9.96337614e-01 
  -9.96251610e-01 
  -9.96164609e-01 
  -9.96076612e-01 
  -9.95987619e-01 
  -9.95897630e-01 
  -9.95806645e-01 
  -9.95714664e-01 
  -9.95621687e-01 
  -9.95527715e-01 
  -9.95432747e-01 
  -9.95336784e-01 
  -9.95239826e-01 
  -9.95141872e-01 
  -9.95042923e-01 
  -9.94942979e-01 
  -9.94842041e-01 
  -9.94740107e-01 
  -9.94637178e-01 
  -9.94533255e-01 
  -9.94428338e-01 
  -9.94322426e-01 
  -9.94215520e-01 
  -9.94107619e-01 
  -9.93998724e-01 
  -9.93888836e-01 
  -9.93777953e-01 
  -9.93666077e-01 
  -9.93553207e-01 
  -9.93439343e-01 
  -9.93324486e-01 
  -9.93208636e-01 
  -9.93091793e-01 
  -9.92973956e-01 
  -9.92855126e-01 
  -9.92735304e-01 
  -9.92614489e-01 
  -9.92492681e-01 
  -9.92369881e-01 
  -9.92246088e-01 
  -9.92121303e-01 
  -9.91995526e-01 
  -9.91868757e-01 
  -9.91740996e-01 
  -9.91612244e-01 
  -9.91482500e-01 
  -9.91351764e-01 
  -9.91220037e-01 
  -9.91087319e-01 
  -9.90953609e-01 
  -9.90818909e-01 
  -9.90683218e-01 
  -9.90546536e-01 
  -9.90408864e-01 
  -9.90270201e-01 
  -9.90130548e-01 
  -9.89989905e-01 
  -9.89848271e-01 
  -9.89705648e-01 
  -9.89562036e-01 
  -9.89417433e-01 
  -9.89271842e-01 
  -9.89125261e-01 
  -9.88977691e-01 
  -9.88829132e-01 
  -9.88679584e-01 
  -9.88529047e-01 
  -9.88377522e-01 
  -9.88225009e-01 
  -9.88071507e-01 
  -9.87917017e-01 
  -9.87761539e-01 
  -9.87605074e-01 
  -9.87447621e-01 
  -9.87289180e-01 
  -9.87129753e-01 
  -9.86969338e-01 
  -9.86807936e-01 
  -9.86645547e-01 
  -9.86482172e-01 
  -9.86317810e-01 
  -9.86152462e-01 
  -9.85986127e-01 
  -9.85818807e-01 
  -9.85650501e-01 
  -9.85481209e-01 
  -9.85310932e-01 
  -9.85139669e-01 
  -9.84967422e-01 
  -9.84794189e-01 
  -9.84619972e-01 
  -9.84444770e-01 
  -9.84268583e-01 
  -9.84091412e-01 
  -9.83913257e-01 
  -9.83734119e-01 
  -9.83553996e-01 
  -9.83372890e-01 
  -9.83190800e-01 
  -9.83007728e-01 
  -9.82823672e-01 
  -9.82638634e-01 
  -9.82452613e-01 
  -9.82265609e-01 
  -9.82077623e-01 
  -9.81888655e-01 
  -9.81698706e-01 
  -9.81507774e-01 
  -9.81315861e-01 
  -9.81122967e-01 
  -9.80929091e-01 
  -9.80734235e-01 
  -9.80538398e-01 
  -9.80341580e-01 
  -9.80143782e-01 
  -9.79945004e-01 
  -9.79745246e-01 
  -9.79544508e-01 
  -9.79342791e-01 
  -9.79140094e-01 
  -9.78936418e-01 
  -9.78731763e-01 
  -9.78526130e-01 
  -9.78319518e-01 
  -9.78111928e-01 
  -9.77903359e-01 
  -9.77693813e-01 
  -9.77483289e-01 
  -9.77271787e-01 
  -9.77059308e-01 
  -9.76845852e-01 
  -9.76631420e-01 
  -9.76416010e-01 
  -9.76199625e-01 
  -9.75982263e-01 
  -9.75763925e-01 
  -9.75544611e-01 
  -9.75324322e-01 
  -9.75103057e-01 
  -9.74880817e-01 
  -9.74657603e-01 
  -9.74433414e-01 
  -9.74208250e-01 
  -9.73982112e-01 
  -9.73755000e-01 
  -9.73526915e-01 
  -9.73297855e-01 
  -9.73067823e-01 
  -9.72836817e-01 
  -9.72604839e-01 
  -9.72371888e-01 
  -9.72137965e-01 
  -9.71903069e-01 
  -9.71667202e-01 
  -9.71430363e-01 
  -9.71192553e-01 
  -9.70953771e-01 
  -9.70714018e-01 
  -9.70473295e-01 
  -9.70231601e-01 
  -9.69988937e-01 
  -9.69745303e-01 
  -9.69500699e-01 
  -9.69255126e-01 
  -9.69008584e-01 
  -9.68761072e-01 
  -9.68512592e-01 
  -9.68263143e-01 
  -9.68012726e-01 
  -9.67761341e-01 
  -9.67508988e-01 
  -9.67255668e-01 
  -9.67001380e-01 
  -9.66746126e-01 
  -9.66489904e-01 
  -9.66232716e-01 
  -9.65974562e-01 
  -9.65715442e-01 
  -9.65455357e-01 
  -9.65194305e-01 
  -9.64932289e-01 
  -9.64669308e-01 
  -9.64405362e-01 
  -9.64140451e-01 
  -9.63874577e-01 
  -9.63607738e-01 
  -9.63339936e-01 
  -9.63071171e-01 
  -9.62801442e-01 
  -9.62530751e-01 
  -9.62259097e-01 
  -9.61986481e-01 
  -9.61712903e-01 
  -9.61438364e-01 
  -9.61162863e-01 
  -9.60886400e-01 
  -9.60608977e-01 
  -9.60330593e-01 
  -9.60051249e-01 
  -9.59770945e-01 
  -9.59489681e-01 
  -9.59207457e-01 
  -9.58924275e-01 
